2 250 2 1 125
2 1
1 3
2 5
1 7
2 9
1 11
2 13
1 15
2 17
1 19
2 21
1 23
2 25
1 27
2 29
1 31
2 33
1 35
2 37
1 39
2 41
1 43
2 45
1 47
2 49
1 51
2 53
1 55
2 57
1 59
2 61
1 63
2 65
1 67
2 69
1 71
2 73
1 75
2 77
1 79
2 81
1 83
2 85
1 87
2 89
1 91
2 93
1 95
2 97
1 99
2 101
1 103
2 105
1 107
2 109
1 111
2 113
1 115
2 117
1 119
2 121
1 123
2 125
1 127
2 129
1 131
2 133
1 135
2 137
1 139
2 141
1 143
2 145
1 147
2 149
1 151
2 153
1 155
2 157
1 159
2 161
1 163
2 165
1 167
2 169
1 171
2 173
1 175
2 177
1 179
2 181
1 183
2 185
1 187
2 189
1 191
2 193
1 195
2 197
1 199
2 201
1 203
2 205
1 207
2 209
1 211
2 213
1 215
2 217
1 219
2 221
1 223
2 225
1 227
2 229
1 231
2 233
1 235
2 237
1 239
2 241
1 243
2 245
1 247
2 249
