250 250 250 250 10000
152 52
146 220
157 125
192 128
164 86
195 132
130 221
223 222
214 40
110 160
129 34
150 57
70 60
202 5
158 28
41 198
134 119
120 85
122 73
190 94
76 161
68 86
93 249
144 235
99 194
21 89
204 105
4 137
102 87
226 33
201 122
234 148
228 77
203 249
119 130
237 87
57 217
23 75
108 174
202 211
184 39
90 50
149 86
213 10
194 161
203 183
156 15
120 77
26 103
120 57
223 146
179 64
223 54
145 247
12 139
214 203
78 91
232 86
26 10
32 170
168 105
96 240
31 219
111 17
30 173
99 126
109 209
56 184
226 144
151 146
111 153
64 95
51 164
115 10
246 147
157 70
129 168
245 130
58 112
188 80
150 67
125 91
48 148
97 68
1 138
133 209
188 87
199 105
32 124
163 157
68 6
228 120
219 26
123 175
192 185
145 213
210 111
185 108
161 28
224 40
20 112
64 17
244 176
138 32
111 137
53 127
96 84
72 186
114 31
78 92
109 41
94 193
191 187
20 101
163 152
49 133
40 68
46 48
5 17
212 7
38 172
214 43
33 116
212 93
27 208
89 243
210 146
213 131
236 224
124 14
119 62
127 87
102 182
58 171
171 71
71 243
222 245
82 46
182 77
109 119
203 11
14 132
115 82
248 217
147 203
248 62
193 40
202 98
33 58
212 153
161 163
179 37
233 177
95 48
191 177
168 4
174 69
88 161
172 41
8 225
137 156
143 226
143 103
213 69
195 224
243 154
120 230
68 14
52 86
194 228
55 119
233 192
9 185
177 124
196 80
121 12
78 165
67 11
78 9
38 112
236 137
21 228
165 72
87 134
69 143
78 37
120 89
91 84
59 90
25 210
228 119
31 15
3 115
30 188
203 2
245 45
87 174
40 74
133 106
149 189
85 70
195 194
76 16
221 39
211 189
5 3
32 192
249 5
107 189
47 50
70 67
97 141
216 145
177 35
88 106
237 52
59 139
250 189
212 63
41 123
139 64
119 231
92 194
101 82
241 122
137 157
81 175
46 133
126 29
184 100
63 215
146 178
114 172
201 30
167 135
163 109
49 223
248 18
117 137
229 181
169 200
72 90
233 36
236 210
105 235
194 152
66 186
242 105
29 43
9 245
174 123
138 227
185 99
151 131
37 143
94 68
65 10
128 201
123 98
3 17
226 97
220 218
76 137
203 203
247 177
141 133
65 158
211 163
75 50
217 231
8 198
222 90
12 188
86 108
194 48
123 157
96 123
152 219
46 49
27 172
118 48
65 9
21 106
66 62
31 112
214 126
153 153
204 179
4 173
229 202
237 61
65 191
109 250
8 221
150 14
27 47
153 183
7 212
69 76
79 24
153 245
38 16
73 219
199 95
196 204
96 141
141 50
237 134
194 87
189 187
36 240
81 193
25 159
193 96
84 161
69 107
74 86
215 247
89 224
182 183
152 70
228 105
143 167
242 212
63 173
220 219
75 48
137 57
65 102
104 39
39 196
45 76
213 196
148 58
244 107
195 120
95 111
173 40
77 50
122 105
217 218
9 70
110 121
205 169
16 191
226 186
5 250
208 154
22 63
121 85
57 171
96 163
160 220
228 165
125 80
110 201
188 112
90 132
205 6
114 141
28 156
49 200
150 135
198 19
242 101
46 107
16 82
58 152
143 88
199 217
66 120
132 95
46 168
128 196
151 113
10 167
165 26
64 18
239 147
101 57
147 150
215 47
83 119
73 10
247 207
142 202
27 27
55 90
145 127
165 194
206 217
104 22
148 132
21 92
137 73
191 112
45 224
46 224
193 175
198 240
88 122
119 147
234 143
186 194
124 154
123 204
106 203
174 64
111 106
168 146
53 188
184 233
32 15
89 99
4 6
56 180
191 176
196 98
8 50
25 123
158 90
52 199
56 72
63 233
96 129
12 173
48 5
237 178
236 140
21 32
146 230
87 247
241 15
191 120
21 65
13 52
206 203
134 45
236 188
183 50
55 184
60 186
28 24
201 161
73 140
149 22
222 82
48 193
84 84
179 47
39 249
33 109
14 185
175 6
46 26
10 120
102 56
76 217
246 234
114 103
242 236
159 218
56 156
10 98
224 131
235 233
178 145
157 132
112 155
115 235
111 177
88 129
11 78
77 68
55 114
210 133
229 69
114 159
197 162
114 128
79 202
192 54
151 39
151 166
64 159
18 35
29 95
27 93
213 137
81 59
153 129
162 86
54 211
209 30
166 171
65 29
134 152
20 203
222 212
221 165
80 100
118 94
3 114
54 168
115 31
89 234
84 4
22 157
16 163
206 120
134 129
144 113
150 190
191 148
17 228
218 71
126 20
170 106
8 123
36 159
206 94
6 121
33 136
224 79
235 31
161 89
236 51
82 101
173 124
126 130
226 197
109 30
202 174
102 134
73 146
137 129
148 221
5 189
35 74
196 3
85 146
49 152
56 211
28 86
67 116
79 39
201 42
110 7
199 203
161 244
239 219
193 34
103 202
191 76
117 165
110 93
25 160
21 141
72 145
87 117
76 102
99 36
133 30
90 226
123 214
125 129
18 16
165 229
61 223
219 168
165 50
62 209
236 239
113 215
159 205
115 186
249 45
100 157
50 9
140 104
155 88
4 51
55 228
96 151
56 178
163 43
160 105
21 153
75 135
179 110
105 44
220 52
232 148
185 145
11 4
227 203
203 74
121 102
154 96
35 8
221 202
34 234
82 123
121 214
141 149
106 115
14 246
20 100
152 201
114 216
201 230
143 29
119 205
29 161
33 28
37 166
39 233
94 100
220 210
176 203
234 233
19 173
112 68
204 81
238 232
240 22
36 38
77 176
204 118
56 15
145 207
83 182
72 239
170 169
38 150
15 195
12 97
113 23
136 86
225 8
123 104
55 224
89 120
78 103
150 177
18 52
182 63
34 97
221 158
221 163
17 75
134 144
95 58
64 22
209 140
120 36
177 137
12 50
94 119
191 7
48 54
112 215
207 131
163 250
15 102
151 86
21 9
5 121
168 15
209 75
210 87
23 58
211 110
98 154
164 70
187 202
55 250
192 250
36 217
94 215
174 140
155 117
39 122
69 55
234 199
48 142
19 56
167 208
230 10
84 115
42 150
56 114
143 101
24 202
242 145
43 55
110 50
209 112
189 228
242 242
112 172
237 229
23 194
134 104
178 28
28 190
98 186
13 31
102 22
33 167
149 10
78 73
175 66
75 101
221 36
161 91
187 79
95 147
111 167
99 106
192 65
24 60
82 145
244 106
38 11
54 42
87 177
113 59
164 127
51 42
10 150
188 123
160 148
100 5
177 163
90 59
98 227
197 80
123 140
158 105
124 150
85 25
138 29
161 42
63 132
220 65
63 68
156 223
50 186
140 214
118 136
229 50
167 78
212 35
230 179
97 100
30 114
140 219
80 36
49 186
200 230
15 181
119 138
191 86
14 236
86 62
238 152
108 138
15 133
38 165
38 3
14 107
206 110
182 170
78 49
240 100
144 21
129 28
108 232
234 70
181 82
235 187
184 176
73 137
91 8
64 144
185 250
245 246
89 111
111 74
210 73
197 143
239 97
48 38
123 227
146 192
9 66
225 25
235 172
155 8
207 221
201 57
131 117
229 176
65 20
24 142
128 90
172 42
210 44
42 39
137 212
211 91
28 52
220 109
154 178
140 144
167 6
224 240
146 185
220 137
181 38
24 107
83 69
106 229
65 123
14 1
98 139
29 236
177 204
135 244
52 221
3 144
60 27
34 174
228 150
40 203
145 168
218 219
172 218
135 94
97 21
241 39
175 71
17 176
54 238
142 2
139 65
161 63
9 120
162 233
93 71
74 28
72 212
215 248
91 235
83 235
135 102
132 163
9 187
156 46
171 170
166 226
221 214
224 165
173 49
20 186
182 120
26 99
240 25
131 235
134 53
218 205
43 153
224 26
214 29
247 61
195 67
135 28
204 159
242 170
246 3
146 198
159 81
167 234
86 12
82 237
190 95
249 15
222 139
183 178
129 249
155 18
207 47
232 41
89 129
206 4
208 96
207 77
159 104
84 83
207 128
249 24
75 133
103 201
54 61
63 116
63 45
197 28
143 164
226 92
49 52
73 120
1 26
42 200
178 131
112 131
85 129
146 237
37 235
158 155
10 14
48 11
219 105
66 230
60 69
63 4
146 155
139 40
204 142
138 244
169 191
217 76
142 233
66 124
169 203
141 242
105 18
89 178
187 241
122 172
175 197
144 61
63 112
243 250
120 168
2 225
92 161
100 72
248 37
40 60
193 126
91 129
20 201
164 225
99 78
88 176
187 6
113 193
58 177
4 66
182 240
159 244
51 18
1 29
38 198
197 159
27 51
66 84
224 122
153 73
93 114
49 227
210 74
78 63
77 232
204 138
110 17
212 75
66 154
156 142
14 24
26 229
229 107
191 203
113 16
178 157
216 107
23 111
14 188
151 169
126 40
75 121
61 224
103 210
245 66
65 246
240 123
172 160
185 6
212 167
60 29
43 29
149 167
238 202
197 180
203 221
18 15
1 247
149 190
83 6
207 185
22 155
157 148
25 62
154 72
140 64
51 4
60 193
138 234
151 122
243 160
81 27
53 202
94 29
132 155
194 234
155 67
209 180
208 1
26 97
109 95
66 157
222 157
169 243
104 80
89 54
66 182
142 186
121 153
80 132
41 70
113 218
82 39
18 50
18 56
143 107
140 20
119 176
238 114
196 143
115 102
168 223
3 160
158 246
69 130
107 219
7 214
125 161
17 114
148 46
57 8
212 230
34 250
145 70
190 50
118 242
248 152
235 84
171 142
215 104
232 30
243 92
140 101
146 107
24 75
106 164
148 179
194 249
49 48
56 121
80 193
163 153
177 68
77 49
219 103
27 55
167 109
120 138
210 46
94 120
12 192
86 106
147 69
181 92
168 40
69 71
65 14
172 178
176 235
86 193
189 34
154 239
187 73
145 165
142 32
240 225
228 32
194 103
144 80
95 218
16 230
230 12
61 229
104 47
202 218
241 237
174 124
197 154
212 197
35 125
217 196
63 170
111 58
216 134
182 181
6 184
222 12
45 146
143 223
190 228
18 32
191 237
82 52
22 202
27 140
130 143
249 233
185 12
7 8
176 187
25 5
52 156
128 146
156 154
55 191
243 15
178 165
229 120
144 188
77 95
30 116
90 237
173 35
157 227
126 163
69 215
29 58
104 214
115 16
46 95
178 187
178 64
181 240
219 47
33 156
187 170
235 226
178 13
127 25
124 9
177 98
8 52
83 76
136 14
120 169
2 13
205 133
158 125
46 41
34 73
30 180
45 231
206 98
91 107
96 242
69 138
96 97
81 225
70 250
90 231
34 165
75 249
138 233
59 230
243 223
196 146
156 104
160 170
203 239
144 161
77 14
95 67
18 67
113 154
134 36
47 107
102 142
45 181
231 235
131 16
119 156
227 115
46 183
144 40
69 235
118 123
35 206
93 155
174 36
134 175
189 1
146 48
104 91
85 35
234 195
169 41
158 88
130 133
173 65
138 139
3 78
80 28
99 109
188 32
185 13
74 68
22 177
51 49
149 111
156 17
214 189
144 68
29 45
239 119
68 183
35 121
200 220
208 128
219 181
59 216
101 120
169 33
187 146
70 97
70 231
82 243
35 7
87 219
192 53
39 215
33 16
77 169
169 178
184 47
105 187
130 43
199 206
15 18
21 54
26 25
130 231
91 79
125 16
190 171
115 161
113 50
63 2
43 143
49 114
160 22
32 226
235 151
10 142
56 210
50 5
26 92
218 31
135 6
233 168
54 147
16 186
139 243
91 34
246 77
108 85
12 152
93 227
118 228
66 67
83 32
243 58
214 234
105 199
141 118
170 247
190 173
120 215
245 214
34 181
242 41
90 149
197 202
183 13
157 140
235 149
8 230
18 62
188 194
5 122
67 119
19 78
153 104
10 116
92 99
41 93
227 78
215 91
68 246
243 45
73 40
248 212
197 245
153 111
245 122
97 88
119 230
125 237
98 228
202 224
142 203
186 123
216 186
181 167
249 34
24 165
207 111
103 35
116 96
183 232
11 201
87 111
247 80
189 234
43 46
95 1
171 10
244 249
5 180
96 75
159 14
73 132
43 223
209 236
192 154
36 170
63 6
52 124
40 85
166 36
202 142
94 169
237 168
221 48
177 45
34 209
194 35
9 28
36 165
191 194
199 99
219 225
41 165
157 212
64 32
21 68
194 58
221 95
158 187
190 5
158 42
54 109
83 219
229 161
63 41
165 212
24 78
205 201
114 150
42 3
3 35
133 82
2 121
242 80
69 189
134 64
214 27
192 110
43 57
99 196
189 48
211 35
123 60
39 250
202 47
107 128
111 159
230 238
152 48
84 40
159 63
11 117
135 51
44 53
17 10
217 208
14 169
29 33
67 141
250 63
13 92
51 89
102 185
43 39
81 132
64 183
135 233
170 70
9 99
76 193
221 88
86 149
79 248
157 183
35 190
16 3
209 57
78 120
232 124
230 235
136 89
96 51
56 202
214 156
92 172
133 225
227 123
225 75
17 164
89 176
87 217
239 47
17 46
16 8
45 67
108 89
131 114
218 220
207 101
221 147
113 221
248 33
151 6
106 133
160 129
44 35
230 245
240 77
219 140
88 12
229 10
153 14
100 15
230 221
241 51
5 6
209 6
119 57
248 67
22 97
69 226
26 169
209 172
82 223
113 90
60 35
173 188
183 73
232 85
21 232
152 18
61 149
149 169
13 99
188 38
11 204
7 17
128 177
169 129
221 199
8 91
54 165
26 36
73 157
85 188
211 82
125 227
128 228
246 131
94 60
239 104
60 152
27 8
232 191
5 30
72 77
76 122
178 191
23 73
75 204
136 139
7 152
94 189
131 11
166 191
80 116
96 115
167 55
78 229
3 216
198 104
7 59
42 221
49 34
67 96
114 246
193 221
24 35
209 171
13 87
3 139
214 69
167 40
220 205
43 136
238 24
135 179
141 72
87 170
16 190
9 95
181 35
242 113
131 67
211 180
239 45
85 208
85 140
19 133
89 87
68 92
194 95
173 221
165 67
192 157
119 240
239 111
220 145
191 236
42 137
242 28
141 28
238 109
235 177
63 249
145 214
162 105
15 116
106 169
115 190
178 11
89 59
223 196
88 77
143 77
44 148
160 228
118 238
69 87
225 205
19 203
41 83
148 18
5 81
233 229
125 75
59 15
193 198
57 46
114 198
20 207
83 53
77 58
163 117
122 93
151 175
233 199
155 52
170 6
129 30
103 130
174 94
40 162
232 132
216 4
101 235
58 30
18 107
111 68
118 93
137 32
182 91
90 95
183 74
12 55
25 118
91 108
16 149
43 13
52 55
72 31
115 116
130 78
174 84
42 20
124 122
222 124
168 47
211 60
188 50
55 211
52 215
247 170
49 81
26 41
146 22
52 185
9 175
117 243
208 130
39 129
87 188
96 135
102 209
10 193
80 2
246 226
2 105
68 106
182 83
2 157
166 221
125 220
82 216
196 138
128 139
140 68
160 91
244 52
111 26
204 120
48 45
248 248
250 249
99 50
232 89
129 165
205 183
111 88
52 134
11 31
162 231
123 194
85 171
127 144
228 48
211 68
173 157
244 225
218 206
10 229
92 104
98 109
78 77
102 178
107 117
96 3
199 161
158 141
173 137
35 78
130 119
104 131
23 140
86 142
169 6
51 99
150 37
43 134
101 214
238 156
176 24
89 201
82 111
244 125
112 142
75 102
153 138
214 173
12 34
69 188
149 107
98 16
17 158
166 217
4 203
163 209
33 201
67 234
189 186
11 12
60 202
169 47
41 51
123 77
152 118
179 13
242 141
157 226
25 103
235 166
175 205
23 43
53 234
48 165
181 170
216 58
150 196
55 74
202 109
167 248
52 158
93 219
66 166
112 122
231 119
85 122
162 182
220 132
205 196
244 15
7 21
245 165
236 115
38 180
200 110
189 107
169 159
178 121
23 167
227 241
163 69
115 59
174 145
159 223
59 149
55 11
150 124
115 131
147 66
240 189
14 154
31 97
59 114
247 235
52 52
145 15
72 177
44 32
80 159
250 79
31 142
76 89
129 40
220 146
181 17
100 11
28 142
44 179
124 6
49 39
127 158
138 20
182 31
156 178
160 86
156 235
135 213
91 141
247 3
83 47
111 50
121 136
39 26
80 86
115 53
28 215
5 245
105 225
190 82
49 215
101 92
43 244
232 140
75 16
92 176
106 63
184 112
124 137
5 59
244 67
128 214
68 154
230 2
75 247
14 145
141 195
3 142
82 179
31 186
197 19
38 145
71 69
116 10
246 168
42 44
147 143
110 186
245 201
132 40
208 95
47 148
165 250
127 2
199 132
89 106
66 163
138 86
99 166
191 217
178 85
154 104
104 152
75 162
74 148
40 173
153 131
169 98
141 239
71 217
62 139
230 170
154 205
97 26
45 116
229 101
99 87
133 9
1 36
17 47
205 42
237 29
170 249
20 33
126 221
132 64
200 16
183 215
248 99
114 199
92 8
196 221
152 5
206 188
38 250
222 75
210 110
93 107
156 20
150 186
71 117
68 76
104 205
108 183
39 148
236 56
96 105
245 61
96 96
248 238
53 192
30 170
58 170
34 245
145 75
56 18
126 145
69 171
221 161
127 165
78 68
141 196
141 30
96 185
99 168
139 28
230 250
224 215
4 213
111 175
141 157
55 72
103 76
80 42
97 80
59 209
199 2
131 111
28 23
34 240
237 77
14 196
98 51
27 49
87 156
6 23
122 125
27 224
220 230
48 147
124 143
160 71
21 16
141 188
36 185
160 204
249 234
9 148
39 209
107 218
133 93
30 62
39 199
170 180
109 230
177 217
42 23
128 212
200 107
234 206
163 232
144 139
33 97
17 61
28 76
69 225
1 42
121 206
65 214
249 231
61 248
171 249
191 127
103 53
176 191
99 93
132 241
220 188
148 177
183 131
140 244
212 32
87 200
99 17
95 116
93 248
26 7
241 13
5 104
168 218
175 116
59 168
136 153
189 75
62 35
157 74
47 41
25 54
71 186
161 199
100 183
116 31
101 45
17 90
96 43
206 152
62 146
93 24
170 107
153 34
91 125
190 167
168 48
132 101
233 74
101 146
219 155
110 208
99 66
186 135
144 22
95 174
210 84
142 39
172 32
130 7
218 218
9 72
22 36
163 225
65 168
11 71
85 36
84 21
138 141
149 178
217 246
183 151
223 90
223 76
6 197
242 211
2 188
218 14
62 21
144 197
117 181
48 30
150 156
127 24
3 61
195 136
100 127
180 248
248 71
227 148
75 234
199 45
249 30
17 58
45 37
102 61
144 174
83 89
97 231
248 187
90 155
130 202
221 190
135 47
115 172
188 7
236 76
148 215
84 246
116 13
28 25
5 192
70 80
114 203
179 41
216 208
113 106
4 187
235 94
58 100
125 3
27 183
115 162
72 21
179 154
154 80
165 238
63 231
197 63
164 73
95 30
128 205
18 223
240 132
61 125
194 82
118 190
74 44
140 94
69 180
209 106
242 38
189 56
17 101
241 177
96 232
101 200
87 155
32 104
171 168
200 2
222 115
49 219
100 163
21 147
118 52
75 70
59 245
241 159
111 247
17 214
215 170
240 228
74 178
101 210
194 9
61 242
218 62
67 70
6 26
77 144
149 125
100 144
124 29
96 132
187 205
14 83
87 216
197 40
148 115
25 199
214 164
200 171
24 182
129 3
127 108
182 106
25 216
175 9
50 198
224 241
11 169
183 124
5 195
194 151
66 7
196 117
140 138
31 35
214 30
132 157
200 199
47 232
22 149
161 195
143 247
1 74
97 112
99 155
142 118
184 66
221 186
55 220
228 85
16 133
111 184
78 27
167 211
179 93
4 140
185 60
189 156
150 29
81 244
179 117
161 233
204 68
16 51
30 225
106 185
216 149
45 192
149 248
166 128
9 83
212 114
120 72
52 28
223 154
142 164
2 247
74 179
61 233
6 81
4 180
10 13
103 246
84 195
45 212
249 14
113 220
50 17
217 209
233 148
110 239
209 94
118 160
237 221
27 226
170 127
149 38
146 121
92 125
184 84
106 147
100 140
239 182
132 154
130 153
249 134
44 3
166 159
91 15
157 53
123 33
64 53
117 116
226 45
94 12
11 105
132 140
111 152
147 91
57 186
25 19
209 122
134 218
224 111
2 99
236 177
153 7
247 126
87 205
83 92
163 158
117 124
249 65
185 180
193 244
88 155
215 105
4 193
218 179
18 59
218 133
156 56
164 246
157 22
159 80
52 54
250 108
147 109
29 62
79 1
156 102
203 137
46 150
18 218
79 176
47 35
61 158
84 18
237 223
229 226
163 108
87 17
209 22
218 144
103 121
139 128
102 80
157 49
216 220
132 190
241 134
53 53
148 130
163 79
205 81
146 195
22 112
221 142
250 96
44 105
2 5
137 205
126 219
115 247
237 220
55 174
37 135
156 234
201 188
162 195
230 157
67 224
174 5
194 157
243 169
53 144
111 43
194 16
24 18
77 244
156 247
49 199
207 106
90 225
43 152
31 87
17 189
24 200
134 92
113 71
73 134
44 228
111 113
43 198
79 115
77 182
39 98
193 127
154 26
96 189
162 183
54 92
179 150
144 36
152 225
36 182
71 95
31 81
110 95
111 73
29 102
174 183
133 151
190 176
167 61
110 29
138 122
115 205
72 249
164 119
52 41
85 55
249 53
10 11
224 133
227 187
71 26
79 48
38 136
49 45
216 26
235 245
9 42
125 66
130 233
121 22
85 48
218 221
240 120
53 205
57 210
93 15
215 13
59 175
80 37
243 115
118 98
169 102
136 62
198 133
231 5
62 5
215 52
75 114
238 142
35 145
176 58
61 145
168 221
109 62
5 14
125 8
97 201
212 82
32 95
73 159
201 71
1 60
176 104
4 246
117 206
39 35
65 209
78 194
92 4
144 7
119 6
65 193
120 167
138 133
154 234
98 192
151 79
60 149
236 146
48 86
94 152
50 159
229 243
99 217
19 117
180 85
24 188
90 98
86 174
186 61
45 62
7 114
241 214
93 43
6 181
109 154
175 121
219 108
202 7
196 214
50 155
46 126
23 191
244 157
195 183
135 57
237 72
80 145
114 204
216 141
142 85
95 21
52 72
207 189
54 124
106 154
133 41
37 51
183 70
131 216
189 103
69 93
53 7
164 38
164 205
162 156
139 156
83 135
11 227
15 60
138 6
71 66
227 145
38 187
144 159
55 118
22 167
231 145
201 111
156 69
143 56
88 7
2 1
159 29
76 165
1 127
232 57
246 110
197 38
45 248
244 173
242 27
182 175
185 131
146 154
224 76
196 178
246 163
133 219
161 174
197 22
78 208
128 243
10 225
95 225
74 249
104 123
156 184
16 135
109 55
163 165
111 15
69 47
108 48
129 49
91 93
140 142
15 126
156 128
236 71
191 9
143 188
105 43
230 189
85 247
176 109
181 181
46 44
168 138
49 177
90 199
98 61
120 157
231 221
212 135
19 161
73 50
135 203
36 89
89 144
244 1
183 7
112 239
55 15
82 119
2 181
24 179
77 17
180 4
12 137
116 93
88 119
207 150
157 47
249 1
23 202
101 158
28 201
62 82
198 201
30 51
121 58
5 80
84 204
119 143
240 8
132 36
212 247
189 5
39 86
166 99
226 66
17 249
206 132
78 161
72 53
110 142
36 166
175 76
81 162
237 50
147 207
214 205
191 20
243 209
57 242
110 73
57 228
146 133
60 198
48 243
96 229
241 175
195 233
92 222
60 94
8 49
111 89
224 246
61 22
124 44
32 34
249 199
196 114
76 189
199 101
126 82
227 213
210 61
242 176
102 223
95 34
113 248
223 216
88 194
80 49
138 73
99 174
75 2
49 105
172 175
223 112
70 91
1 197
209 64
24 90
50 107
22 239
102 132
38 192
167 232
40 121
166 92
42 43
210 40
1 70
136 124
132 65
186 91
89 60
245 220
167 237
191 140
201 152
166 90
153 173
204 125
211 182
152 105
249 141
175 87
106 193
160 31
118 183
16 69
177 140
174 30
239 15
123 120
101 130
84 250
58 42
230 127
250 154
63 69
201 84
173 154
81 84
123 69
55 141
171 82
84 17
195 11
42 147
148 230
117 150
27 64
97 139
150 205
127 205
223 144
192 88
229 121
30 111
23 239
193 154
93 167
26 96
189 118
74 225
25 136
126 91
20 168
64 210
244 108
80 140
168 214
100 91
171 193
230 129
218 7
85 74
32 44
200 11
62 103
250 146
179 205
150 41
40 54
159 98
171 35
155 200
101 242
235 88
184 242
128 84
116 98
23 4
245 242
225 203
230 83
72 238
115 68
133 78
47 139
53 68
17 23
48 122
8 111
97 203
39 6
224 169
108 116
23 186
138 7
208 159
85 14
209 244
148 187
219 34
136 216
101 97
65 28
166 84
140 62
121 215
94 67
62 238
150 28
202 31
209 205
67 77
151 14
227 109
232 97
185 27
83 209
99 7
175 117
93 26
128 34
208 106
99 151
115 128
15 161
33 129
241 222
81 71
93 116
140 121
152 190
85 43
161 202
69 131
100 30
125 152
73 6
108 97
248 191
141 99
103 235
212 179
85 27
190 56
77 124
61 56
133 64
7 243
23 175
8 164
162 91
218 213
83 232
171 145
174 77
185 89
192 116
160 248
157 171
242 246
24 111
94 26
75 214
200 5
133 164
247 204
240 14
18 230
91 196
204 157
76 209
191 63
17 11
190 38
248 159
108 169
107 244
142 88
198 221
101 209
60 105
218 158
242 40
161 186
105 234
176 250
138 230
148 11
232 92
128 111
9 161
194 242
79 221
71 201
17 203
119 113
89 49
123 223
23 37
84 69
136 176
198 166
141 152
210 220
158 218
210 151
146 102
171 21
115 44
142 4
13 130
200 144
33 107
165 161
42 130
139 126
165 65
55 202
128 35
234 155
244 242
6 190
26 115
15 220
191 185
144 225
142 137
59 200
99 40
173 206
70 94
155 167
160 14
102 135
205 153
29 65
94 101
172 225
11 157
228 200
83 22
199 141
230 62
201 91
189 40
149 243
248 165
65 111
123 179
236 142
74 221
165 108
163 47
112 154
48 37
54 215
101 220
218 47
119 103
159 210
30 163
149 132
11 179
222 202
17 109
35 169
34 90
247 141
172 136
195 110
32 218
224 161
100 202
44 165
218 194
110 249
3 130
25 201
160 55
79 245
166 47
55 212
149 94
38 163
82 25
233 123
210 163
155 99
229 178
68 172
4 188
159 211
219 210
218 116
119 128
151 29
109 165
2 20
8 140
178 93
85 133
168 120
57 201
83 173
45 158
185 14
52 176
107 55
73 97
45 188
34 94
18 175
85 113
46 128
250 58
155 55
70 170
15 24
58 106
18 203
45 156
33 237
191 200
244 162
204 122
23 14
77 136
95 134
18 28
46 193
26 140
52 64
137 238
2 187
26 174
51 84
218 188
94 18
199 202
20 16
177 63
41 199
19 84
19 72
140 209
219 130
73 105
199 183
159 107
190 112
107 236
111 53
224 85
188 93
188 188
200 115
59 27
190 230
3 162
60 72
57 38
237 25
48 51
212 9
97 66
30 45
211 101
135 86
15 223
37 212
248 20
76 57
207 56
121 179
138 44
117 126
122 31
176 30
92 201
12 115
152 209
37 58
197 33
38 228
156 133
146 120
198 21
111 126
245 79
175 207
168 98
10 27
75 57
108 28
64 43
131 43
94 36
85 98
240 41
55 86
212 21
146 189
148 249
56 231
42 41
27 179
196 125
243 103
163 223
31 184
212 231
65 189
52 161
163 110
221 91
123 74
233 202
157 248
194 243
58 13
16 38
189 76
112 105
83 243
177 10
208 133
223 88
190 139
234 35
10 145
209 144
134 160
238 90
218 56
153 22
123 165
66 247
36 235
63 106
35 221
143 92
247 249
134 190
125 234
241 57
63 89
119 136
29 137
7 177
241 240
44 183
189 161
236 102
134 4
99 142
244 165
61 173
134 9
47 214
116 81
180 92
15 193
157 142
113 170
172 243
147 175
220 96
211 153
2 237
144 131
6 39
191 124
171 239
161 21
134 149
182 237
22 100
89 7
223 34
33 25
129 206
203 193
169 72
146 42
236 184
187 235
216 31
66 74
87 58
169 39
90 187
152 115
30 27
18 100
144 99
236 213
220 238
143 96
170 130
233 50
95 8
240 192
32 231
24 137
18 220
79 234
192 93
7 217
225 141
175 185
140 77
23 145
208 85
98 163
102 233
176 216
114 148
166 185
6 138
32 196
156 32
42 117
216 64
224 63
45 183
207 71
186 189
181 24
86 6
204 128
31 238
119 250
57 39
217 167
71 9
39 214
101 202
80 167
226 233
243 131
99 154
145 163
77 77
159 116
9 96
179 45
52 98
114 52
213 23
12 147
125 26
145 141
147 173
221 236
201 108
59 195
123 56
209 98
163 194
115 146
170 174
26 203
232 185
93 3
108 246
136 235
125 246
157 76
217 62
201 4
177 132
18 66
175 176
6 85
220 106
249 101
14 160
27 138
233 178
225 234
82 202
135 196
4 170
219 138
35 23
195 147
60 114
131 4
78 122
52 178
110 224
105 150
235 107
162 162
10 203
44 68
132 96
109 6
234 117
12 194
35 197
15 200
118 110
22 110
173 72
90 64
118 186
224 216
54 74
75 210
81 74
227 99
70 209
70 192
37 173
63 101
95 187
11 122
247 73
41 94
119 41
25 232
31 152
246 214
130 77
194 142
95 4
171 34
25 157
190 79
32 50
65 50
223 98
10 35
141 120
171 222
156 44
63 92
233 246
80 97
246 193
195 138
51 45
27 58
38 85
105 51
96 47
200 174
222 122
31 237
2 124
244 78
40 97
146 49
191 234
190 103
45 9
90 182
144 19
180 158
5 68
14 162
59 100
211 186
146 150
152 79
141 204
78 250
113 86
101 244
212 168
39 151
121 230
91 159
66 210
153 62
191 122
168 163
166 56
167 29
134 166
50 120
139 48
32 91
60 78
50 167
188 237
44 207
1 246
239 60
104 138
18 204
112 30
100 99
66 56
1 217
84 61
91 237
90 14
26 19
247 217
137 31
158 123
136 154
142 232
98 111
213 104
181 179
170 225
18 187
144 140
154 166
27 163
162 178
32 68
134 242
245 198
31 84
64 13
218 17
234 145
27 33
20 97
66 51
94 43
245 33
38 224
83 16
197 41
174 176
130 198
241 67
26 121
20 48
222 160
44 161
36 134
183 87
211 118
135 85
29 177
117 149
33 38
41 182
41 45
85 24
248 24
56 32
250 7
141 76
21 88
150 162
231 67
92 168
242 13
232 129
228 233
201 165
45 219
191 55
141 166
195 61
230 112
145 209
1 191
152 37
114 152
121 189
98 144
210 181
24 231
84 30
120 211
212 175
222 158
121 219
159 212
138 147
3 165
130 239
70 112
40 235
160 231
44 85
46 146
102 89
121 49
4 84
148 149
90 229
207 29
185 141
126 184
116 105
213 235
155 116
124 178
150 187
2 122
106 6
38 71
232 217
176 28
148 167
32 207
14 10
116 238
81 213
247 113
231 232
136 206
123 236
159 3
135 33
165 237
84 182
211 193
54 87
204 5
182 177
210 86
95 84
41 138
1 62
243 245
226 177
236 143
85 131
102 34
10 135
123 151
181 66
233 95
227 192
71 244
111 82
194 150
16 104
47 20
134 131
110 165
11 3
166 147
31 139
215 155
31 108
199 230
104 20
58 117
142 129
66 28
115 232
169 233
45 174
208 172
225 115
148 200
28 58
155 84
160 119
110 180
118 11
211 69
137 46
137 206
16 243
36 242
2 232
229 165
4 34
8 184
30 103
115 63
64 24
230 165
147 26
52 226
122 103
124 234
221 45
8 21
195 211
227 239
90 23
242 181
67 157
245 18
227 40
160 36
223 14
32 46
246 134
42 206
43 94
213 36
167 128
179 240
11 248
195 249
190 37
193 249
67 1
2 46
228 1
144 127
79 73
34 155
83 70
148 143
19 156
127 100
81 58
134 167
136 56
185 37
207 5
60 112
221 14
53 75
131 248
136 77
111 83
20 235
15 36
233 227
133 244
96 79
128 172
106 49
98 18
242 139
48 187
126 147
53 223
205 143
115 27
245 200
19 227
86 134
163 174
22 51
203 208
196 137
84 85
242 208
98 4
52 177
14 4
209 76
226 170
173 74
149 112
110 11
183 25
101 20
119 169
231 120
151 208
179 235
16 110
181 143
101 193
43 89
133 159
77 219
218 190
75 239
84 124
147 23
122 224
89 116
125 236
210 140
234 216
6 117
231 129
217 10
166 57
155 82
65 141
225 243
95 222
141 114
49 166
144 103
153 230
95 95
195 78
121 182
82 166
70 152
214 241
70 40
157 43
76 87
125 88
85 39
121 233
4 247
140 35
3 135
138 232
193 110
63 221
98 122
15 1
133 62
205 74
178 137
70 135
59 208
45 13
182 118
234 197
246 149
152 227
215 129
226 94
229 133
77 112
137 219
32 243
34 241
195 163
24 29
183 182
245 104
216 187
229 103
59 73
118 227
209 29
73 153
71 177
218 169
122 151
12 143
32 126
144 74
180 117
249 112
190 24
181 198
31 248
115 37
85 121
23 219
141 245
146 70
97 110
154 171
207 209
228 12
38 133
131 79
74 5
136 233
27 111
246 41
172 194
203 49
117 162
88 26
221 47
142 54
193 86
238 111
199 137
248 148
141 183
113 181
73 5
246 27
20 152
190 80
53 163
31 123
11 60
132 211
101 165
45 238
127 151
49 94
218 12
46 151
187 220
144 125
239 137
17 156
62 77
12 39
140 211
218 70
178 78
72 73
123 32
124 184
41 245
135 89
203 243
11 173
24 205
128 141
72 126
174 205
175 213
219 224
42 6
31 2
170 150
181 127
210 205
21 178
158 70
188 165
5 120
64 200
15 156
224 184
8 32
165 180
138 172
194 94
39 219
176 39
56 229
35 12
154 66
34 130
236 214
51 10
203 115
91 146
111 128
65 105
21 51
216 47
138 45
100 85
121 77
48 39
142 34
77 135
166 121
77 9
34 16
211 102
215 111
82 68
167 28
231 158
35 142
143 85
24 130
205 190
37 185
159 57
37 31
132 14
111 243
143 44
56 155
57 170
99 209
19 199
199 170
187 45
154 184
197 109
100 216
39 75
246 241
157 228
48 83
89 22
57 149
51 130
8 97
198 80
12 41
66 90
43 209
49 63
208 45
60 2
120 33
95 167
229 111
211 113
61 90
33 59
100 46
128 6
35 50
138 248
19 183
9 163
247 92
188 144
170 164
183 48
56 99
249 85
116 163
184 62
118 108
249 191
138 35
4 30
159 7
198 145
53 66
130 162
31 92
242 200
216 15
237 217
46 214
106 130
48 226
250 125
63 235
170 140
73 71
67 57
194 224
219 222
162 200
216 108
183 233
76 235
131 58
135 137
61 17
153 85
192 1
111 91
168 153
199 26
80 136
183 14
229 63
148 70
94 35
206 175
94 5
145 91
241 138
53 183
142 250
233 113
195 25
53 1
87 190
129 18
12 64
185 212
31 37
58 166
223 237
203 138
245 205
57 225
192 109
48 186
133 109
222 63
105 195
70 159
73 156
225 151
239 61
81 120
100 3
150 178
45 151
250 214
51 43
175 193
130 100
23 21
29 100
84 59
111 64
179 219
112 24
192 199
144 39
50 20
137 112
7 32
122 180
232 242
114 119
154 81
229 215
70 172
239 62
61 140
225 43
191 164
33 144
57 53
30 191
183 75
1 78
75 110
5 25
171 234
51 212
191 92
45 214
241 31
228 223
195 81
200 245
90 7
182 79
167 158
113 195
232 25
18 9
238 198
95 223
193 102
89 48
40 135
126 6
8 174
181 107
125 191
145 250
131 102
163 45
47 114
92 63
110 149
145 54
241 91
75 186
181 88
2 127
71 46
172 91
117 75
221 153
63 206
66 171
240 19
101 247
192 206
18 76
39 126
113 83
18 39
181 244
189 204
240 182
220 202
109 16
26 127
52 201
3 244
225 123
41 21
12 141
159 103
81 185
159 150
128 159
180 195
84 243
110 28
66 33
139 63
190 249
73 45
142 120
177 102
11 238
125 101
97 115
207 62
29 239
47 224
150 12
139 236
229 29
31 165
195 124
81 86
46 64
205 124
71 38
159 65
171 164
89 56
238 35
200 82
189 162
32 35
206 214
97 225
17 121
167 190
198 8
8 156
31 54
195 162
22 133
234 207
162 59
180 190
51 12
26 6
164 107
221 192
156 146
103 249
11 104
244 210
163 199
218 79
4 211
133 107
60 39
79 155
102 35
217 228
95 217
19 50
155 32
18 154
10 157
199 223
28 109
18 25
176 51
61 71
107 180
187 194
105 202
60 63
205 175
32 210
114 74
154 194
101 5
124 40
59 25
226 223
94 137
101 91
24 43
234 147
140 52
137 241
121 111
220 179
222 80
176 138
46 234
70 81
18 210
118 129
190 157
213 203
101 156
83 26
226 49
1 163
89 138
48 77
208 249
239 235
71 241
132 139
102 180
43 97
27 56
103 143
195 44
108 150
56 234
161 37
247 143
136 180
20 195
204 21
60 51
206 148
242 56
43 6
61 25
224 229
128 144
237 24
206 103
33 115
202 246
113 74
13 191
155 201
105 76
65 2
99 86
129 197
193 189
19 213
201 231
111 120
128 125
114 233
145 218
144 96
100 81
143 243
228 179
70 89
171 203
250 43
68 20
37 180
219 214
195 238
124 10
202 16
17 197
17 60
88 206
139 83
127 74
123 130
158 96
5 69
182 19
166 37
207 180
235 45
67 94
169 1
90 13
238 229
228 74
177 112
94 198
117 77
136 228
169 151
28 84
155 204
127 59
239 230
200 163
63 131
145 242
37 22
41 178
244 110
118 13
236 61
114 173
75 28
228 18
250 121
16 9
204 137
69 108
234 177
173 68
112 120
83 190
19 179
188 221
81 201
212 222
73 226
76 220
165 220
90 129
152 228
29 219
105 127
48 81
225 110
42 22
132 142
94 165
163 180
231 79
4 57
119 64
248 19
117 161
59 87
198 9
121 1
207 37
178 112
8 173
114 125
210 81
223 156
224 192
139 170
122 6
39 123
211 199
211 168
220 21
33 44
115 34
76 17
9 26
51 28
187 17
243 23
208 134
117 244
23 62
176 237
58 70
208 33
178 43
46 226
46 242
55 208
185 125
196 62
146 98
114 61
194 135
168 151
6 43
192 127
95 54
89 195
190 196
148 197
129 21
67 55
150 9
190 88
62 130
88 76
198 242
94 31
29 52
60 153
169 116
72 218
126 126
23 124
80 150
117 144
59 96
218 233
97 154
82 204
246 67
68 66
89 64
169 75
158 198
120 156
89 190
81 18
143 217
221 84
9 36
84 53
39 154
110 136
242 26
71 64
93 84
112 173
26 191
192 220
46 186
210 19
72 104
30 246
96 178
167 2
62 169
115 123
223 163
93 135
238 26
240 166
197 126
178 61
38 80
89 41
33 47
50 249
149 181
224 199
172 53
76 10
126 153
72 178
65 21
180 131
187 147
63 136
59 215
65 245
14 200
11 5
129 91
109 229
228 58
93 172
220 206
26 47
76 107
127 132
180 37
131 141
117 164
141 193
27 155
14 197
6 178
215 36
211 174
126 230
224 137
142 24
40 80
145 108
201 147
250 213
106 179
47 187
141 78
114 151
133 218
42 151
28 12
209 61
72 75
102 239
2 50
165 68
223 68
22 118
16 140
171 93
201 80
199 174
42 141
228 188
229 32
52 58
87 89
51 108
242 180
247 47
243 217
172 83
64 110
8 54
185 50
48 70
142 172
122 107
133 80
229 237
129 86
168 108
35 17
216 59
188 105
56 61
42 189
67 120
58 61
237 117
104 217
178 139
56 8
126 17
27 222
49 180
56 232
98 194
38 190
144 88
159 55
35 19
44 126
107 135
7 131
163 221
13 15
229 135
161 3
11 184
105 183
192 3
19 51
123 91
36 215
225 176
166 208
8 204
249 232
188 247
57 163
158 232
240 6
164 187
103 18
90 19
23 39
64 136
140 153
152 69
233 79
47 34
87 146
203 32
244 235
125 195
199 3
121 101
88 156
78 104
248 208
146 60
158 197
6 31
25 46
180 133
127 86
215 207
66 27
94 197
153 28
71 138
110 138
10 107
17 128
65 85
10 101
52 59
21 40
212 73
135 224
101 160
235 34
131 226
170 74
211 43
12 156
205 139
174 113
206 48
106 53
170 45
90 40
174 32
179 71
8 131
7 68
25 22
239 152
66 66
148 198
151 167
47 29
44 213
196 92
104 237
80 134
73 115
145 102
210 3
129 169
5 112
112 98
7 113
245 241
188 94
89 145
94 64
245 2
136 65
87 186
39 236
80 212
53 74
112 95
117 81
166 44
211 81
133 79
188 225
148 175
120 82
61 122
56 57
127 175
175 245
87 65
35 152
148 161
7 126
162 61
4 99
213 168
173 131
133 235
124 206
215 3
189 17
49 32
102 117
225 36
233 54
152 114
46 141
102 81
27 110
128 145
154 172
63 31
21 108
135 156
38 51
35 79
232 181
90 235
182 144
8 7
214 33
222 54
55 113
165 62
168 6
144 212
101 145
14 157
199 92
186 168
129 136
53 146
207 161
249 242
86 70
185 186
175 125
167 197
227 111
157 170
90 71
97 159
174 139
12 237
15 88
158 97
112 250
61 119
39 52
109 56
127 109
236 4
201 43
213 47
111 114
127 152
52 12
193 171
62 27
51 160
175 46
162 246
227 63
230 66
74 58
120 192
55 78
87 182
35 171
208 246
126 128
9 110
134 67
243 220
225 39
29 109
26 208
208 127
146 204
65 90
235 8
130 165
218 163
141 102
20 128
243 43
169 19
141 86
242 35
146 108
152 119
83 170
131 239
238 129
11 6
90 113
95 160
150 232
115 229
96 221
129 122
4 62
63 204
35 198
185 7
42 245
86 21
88 73
215 94
30 119
215 98
109 27
145 36
189 111
80 50
164 194
131 236
87 184
240 57
201 142
154 106
173 71
129 95
182 197
169 56
132 162
4 199
88 49
34 139
81 23
66 34
250 143
197 10
40 11
186 140
31 83
235 194
135 111
218 216
55 138
117 177
151 159
88 184
44 141
220 142
225 52
104 192
37 5
215 191
46 5
229 66
126 175
232 113
81 110
4 1
71 114
49 83
208 150
113 208
22 23
167 130
205 191
239 134
11 40
100 61
202 60
202 14
18 60
155 17
60 82
22 88
117 37
114 248
91 55
159 239
103 32
218 196
176 234
116 172
145 119
237 211
69 116
74 231
188 146
17 36
52 243
130 108
248 198
40 111
237 199
54 131
2 219
9 68
62 127
58 99
159 193
107 91
107 116
182 220
94 24
181 79
55 107
34 206
136 63
31 63
180 75
17 103
164 15
137 75
2 137
168 228
204 217
110 80
85 138
91 49
125 169
213 78
122 195
88 165
179 162
29 158
170 121
151 156
98 17
8 8
103 211
129 147
179 36
201 85
209 226
156 212
19 152
8 107
181 83
97 90
134 27
195 135
242 245
10 239
218 114
173 225
166 69
116 222
46 164
45 159
187 104
48 156
19 185
169 4
48 90
103 7
94 115
233 3
196 164
19 202
107 184
103 40
110 19
10 69
176 185
21 14
71 112
130 14
9 63
33 236
102 120
208 61
117 21
234 34
67 213
193 76
45 134
3 123
156 207
80 246
161 159
106 93
137 101
53 226
127 62
124 132
87 124
127 54
213 136
109 177
54 152
86 217
134 155
208 25
114 213
69 102
71 249
149 31
66 216
187 102
189 221
123 243
34 172
165 206
52 2
234 221
92 90
234 150
244 239
20 166
5 123
201 223
42 203
91 158
34 205
54 22
89 93
11 145
147 156
128 231
136 94
165 195
8 209
34 15
80 135
42 152
214 143
25 79
202 43
244 142
142 66
250 219
2 165
34 104
113 200
137 147
142 57
180 57
12 76
115 70
80 40
49 64
230 132
53 140
92 114
147 144
72 93
175 35
79 244
163 204
129 47
171 64
225 79
144 79
82 72
226 62
124 171
24 76
41 163
115 204
135 74
169 175
115 174
84 203
113 157
213 120
50 93
144 246
135 17
202 146
78 116
178 21
96 212
248 34
127 118
76 39
149 30
111 70
117 85
223 208
68 29
103 225
163 121
246 89
119 30
94 148
59 184
49 185
189 21
44 1
147 105
165 16
185 117
34 38
158 148
181 146
1 118
181 22
176 63
191 224
14 22
32 129
230 176
68 90
134 16
120 200
141 232
195 218
30 143
181 236
245 51
167 35
70 222
145 88
82 6
161 17
92 169
12 101
113 72
200 3
180 151
120 207
189 207
49 196
210 72
57 226
50 61
15 132
211 116
74 15
215 199
210 175
192 224
49 61
5 203
6 144
248 188
88 111
172 145
152 42
151 114
110 235
144 13
41 5
245 144
134 103
173 55
20 103
76 127
24 155
23 166
161 194
166 63
235 167
91 162
229 230
202 39
236 127
37 195
233 45
236 246
75 64
133 98
158 61
88 82
174 164
174 174
176 228
246 97
164 120
116 28
64 96
139 21
1 25
110 244
185 199
109 159
197 110
202 36
12 160
17 53
148 48
239 11
180 172
152 29
126 168
49 57
33 199
40 236
183 120
28 158
206 74
121 103
168 50
40 187
137 250
103 155
26 88
21 17
178 89
34 29
161 81
58 181
143 233
192 45
76 188
5 101
225 190
48 154
87 220
111 45
249 129
204 43
60 109
210 79
212 200
195 42
123 82
191 171
100 243
53 150
195 192
97 123
92 177
198 177
203 108
76 152
89 11
149 25
19 132
95 89
189 23
192 31
136 75
161 211
201 103
13 54
2 156
16 221
133 27
175 109
170 9
179 225
99 3
113 78
90 143
7 49
126 174
137 239
42 113
28 121
88 72
208 137
29 189
40 27
225 27
148 151
166 120
192 27
81 140
132 124
93 13
19 30
229 37
95 159
17 235
22 34
77 126
248 66
95 51
61 208
122 176
92 66
110 15
63 229
76 198
62 247
42 178
245 26
80 172
197 223
63 178
216 20
81 3
106 221
148 199
173 214
198 250
131 78
200 7
75 100
190 99
29 6
215 75
112 166
84 158
181 18
176 244
97 105
75 167
205 68
232 133
171 67
69 248
7 31
5 181
68 250
223 201
174 75
213 139
222 111
187 94
37 194
35 2
111 11
207 152
77 40
137 116
22 238
131 1
215 153
107 211
28 2
159 183
105 17
193 131
155 149
132 208
60 59
50 27
22 131
132 56
82 30
163 208
123 184
98 12
30 76
9 199
213 80
162 115
120 146
99 57
43 217
117 160
87 128
137 154
209 158
221 185
9 105
41 147
63 56
235 190
129 22
140 133
131 212
220 72
130 20
51 48
76 119
50 181
159 85
200 9
175 101
64 77
125 30
231 115
57 17
106 247
12 57
55 194
212 47
210 16
208 143
45 11
17 59
176 168
93 9
112 175
19 52
29 16
153 163
180 2
243 173
128 180
50 74
12 73
162 63
151 9
30 77
32 31
35 94
185 182
234 194
132 50
163 148
15 19
145 85
78 16
87 46
202 69
209 220
222 33
157 104
129 45
197 116
143 111
67 231
224 51
240 68
236 163
201 157
192 4
5 65
57 125
57 235
148 247
71 221
201 96
105 182
116 92
20 137
54 34
6 200
5 202
11 27
94 98
119 116
107 63
63 208
47 63
71 121
104 245
71 148
204 185
105 232
149 58
96 155
142 22
184 92
87 168
165 148
73 213
115 87
99 8
93 203
194 50
49 41
89 4
68 173
107 39
54 48
159 179
105 193
151 8
6 29
242 234
187 169
232 42
179 228
214 101
57 153
228 81
182 49
193 39
88 205
113 178
107 245
61 172
147 190
218 66
158 193
107 215
131 220
24 55
234 18
170 231
91 167
181 201
174 104
90 197
33 159
61 109
117 50
171 240
166 74
108 222
36 111
236 99
239 188
192 38
223 227
198 126
227 193
80 195
56 1
194 239
161 85
145 166
1 6
168 58
62 164
229 42
162 4
31 164
144 221
182 105
245 116
171 132
154 98
28 46
52 112
5 113
125 244
157 242
185 224
203 188
210 32
5 156
160 175
240 165
136 23
166 167
157 145
168 182
223 221
236 53
182 114
56 233
178 244
88 199
136 182
162 224
21 62
1 124
75 178
62 10
170 243
68 187
123 78
38 178
185 77
44 83
193 58
43 191
54 53
94 159
233 122
112 162
12 125
36 183
158 147
151 187
74 103
180 216
112 67
43 80
16 6
214 228
133 35
130 161
231 21
182 246
138 240
130 146
174 35
90 116
200 40
60 6
146 62
18 82
213 49
169 149
223 116
7 198
205 178
146 187
65 41
33 127
84 24
130 46
31 166
222 85
217 26
16 189
101 228
198 128
166 23
200 65
179 230
156 72
206 125
169 201
132 188
73 28
49 137
185 148
157 39
108 165
136 34
198 33
27 100
145 169
204 22
144 57
93 103
230 158
106 176
138 201
59 62
136 54
54 133
20 213
88 153
22 20
246 72
20 40
108 149
20 49
164 97
114 117
19 114
85 248
106 167
213 42
74 177
140 102
111 93
176 186
21 182
245 206
183 35
110 162
167 88
25 239
114 92
212 108
71 205
237 153
200 123
210 232
248 46
141 171
183 224
242 31
220 177
67 14
248 215
149 162
16 207
156 90
216 116
98 45
185 118
235 136
4 197
90 170
79 166
89 61
106 113
116 107
148 117
120 249
77 106
195 217
1 55
143 57
47 47
61 68
239 16
86 20
239 49
233 53
40 213
61 8
12 158
234 213
24 72
95 91
161 127
190 10
126 111
236 97
83 60
236 135
62 134
147 107
130 56
104 21
72 57
222 184
64 160
11 68
219 144
50 86
210 189
91 219
181 162
246 141
122 168
221 235
98 196
60 7
47 55
60 36
173 2
212 90
6 189
196 211
163 102
136 184
28 231
8 161
226 168
156 3
92 35
15 196
15 169
72 149
108 79
226 29
171 77
3 184
22 87
138 80
108 72
23 245
116 194
50 240
43 31
243 46
9 236
100 249
141 88
142 36
196 194
234 19
123 178
42 10
102 218
60 156
143 163
216 170
152 220
90 191
176 32
146 146
106 58
131 10
177 175
165 216
163 37
58 238
247 247
241 225
71 245
234 77
75 98
155 217
17 212
68 94
140 37
62 12
21 152
213 220
177 176
205 237
98 29
153 192
160 97
3 64
48 151
117 166
53 11
88 25
226 28
18 65
174 235
13 167
239 199
97 113
76 124
172 246
18 186
108 33
176 13
53 221
15 32
110 97
210 242
112 181
154 5
241 239
63 24
123 57
9 1
229 15
7 178
91 52
168 91
98 102
85 226
160 38
53 76
246 146
151 178
216 9
153 169
12 86
247 105
185 173
111 86
194 53
229 49
40 232
113 140
44 211
197 147
184 43
195 37
218 20
93 105
190 115
1 76
223 2
232 131
71 44
30 33
229 238
236 190
55 98
200 10
103 185
93 142
195 108
240 185
154 153
225 183
200 249
55 85
120 209
84 107
85 185
9 22
103 82
90 57
55 143
35 174
115 120
59 172
140 143
135 4
105 145
230 134
159 195
126 120
216 73
22 74
77 179
76 21
236 32
39 187
123 203
97 75
23 164
175 12
223 20
113 147
70 69
104 216
24 45
138 33
144 175
201 170
242 209
138 38
198 76
245 49
187 172
2 34
187 228
208 138
147 19
66 1
40 233
101 61
74 153
85 169
161 79
215 222
26 21
110 128
195 223
244 199
124 164
245 132
57 237
61 86
33 101
51 107
122 45
201 31
89 112
73 249
19 55
117 129
100 10
156 220
170 117
85 151
82 83
97 117
152 162
10 134
2 102
172 153
170 161
205 163
155 106
194 226
173 190
210 222
153 128
145 115
108 198
124 123
67 125
90 12
58 225
213 5
201 114
92 131
35 75
20 174
11 10
155 137
149 197
2 12
162 164
170 163
177 9
175 217
226 109
139 154
18 183
29 121
155 30
42 132
206 85
107 43
155 188
197 226
117 39
180 77
32 43
51 214
60 1
180 246
100 159
204 131
218 103
51 101
202 64
117 40
207 170
245 115
250 114
107 163
65 27
114 221
192 41
40 129
146 249
101 175
70 66
59 79
79 61
208 175
77 170
186 198
107 172
121 194
66 183
157 137
148 137
169 16
110 184
140 71
2 30
91 56
14 181
227 71
192 227
27 108
107 242
23 142
30 235
228 242
145 62
12 124
10 173
64 115
89 3
94 8
129 227
197 103
65 71
15 101
177 103
128 193
242 132
149 194
58 168
164 158
197 48
163 18
147 248
151 102
42 123
88 22
44 61
46 58
13 174
51 65
90 169
106 54
242 155
4 207
149 26
194 63
162 26
1 228
164 20
166 192
193 87
238 132
10 102
147 153
110 37
122 239
166 213
41 243
106 121
71 223
115 214
41 101
246 19
42 88
103 241
29 138
56 167
6 68
212 20
194 183
80 203
214 249
211 162
41 146
187 178
145 186
73 1
55 169
91 69
55 104
171 125
14 93
26 204
157 157
222 94
140 125
18 140
132 233
63 97
120 187
110 44
31 212
200 181
13 211
107 147
71 181
120 60
57 142
62 97
119 11
143 15
236 156
191 4
206 118
152 131
46 247
237 222
164 196
22 160
190 191
15 52
79 242
58 53
2 117
36 238
4 65
250 68
123 138
201 174
116 53
63 104
225 7
199 220
231 183
98 21
104 233
214 208
121 97
241 125
130 76
138 37
83 239
83 247
58 93
218 83
90 101
3 246
57 85
55 83
217 1
213 174
51 61
54 247
40 108
166 21
156 41
174 226
234 156
127 123
136 215
5 178
150 157
208 73
108 184
148 78
39 15
197 106
231 163
125 150
150 68
45 145
73 66
3 210
187 3
174 130
92 126
192 57
132 10
177 32
45 113
147 176
3 4
190 138
27 120
154 134
195 165
223 5
222 178
89 147
248 131
149 136
20 150
87 47
77 13
218 28
12 82
199 21
152 187
189 225
40 130
16 118
129 144
125 63
133 204
88 80
126 240
74 42
72 43
55 81
175 227
39 103
159 91
130 118
25 221
148 127
50 113
80 235
33 106
232 243
88 241
148 210
64 245
32 242
180 48
181 187
147 16
117 53
83 236
120 129
155 58
186 14
34 207
194 148
2 7
41 53
110 47
13 91
216 104
98 105
26 67
246 106
58 11
187 195
187 227
47 65
226 51
234 243
118 207
125 119
183 88
196 180
219 78
142 145
32 201
99 152
187 148
48 136
196 79
189 64
155 29
164 160
206 202
193 196
202 220
144 133
236 100
91 23
58 97
96 74
232 31
198 78
149 204
99 207
160 67
186 235
15 120
17 196
41 213
162 132
141 89
57 95
162 47
245 190
7 189
118 2
200 55
161 64
138 242
90 37
9 206
247 81
11 225
63 108
215 63
225 206
71 227
15 236
24 93
229 209
244 20
154 238
35 25
68 32
175 145
72 98
147 24
249 54
187 164
14 146
1 63
108 90
41 237
230 155
90 154
209 103
20 183
68 136
220 53
121 106
42 239
200 141
141 227
19 188
75 160
222 242
244 146
99 25
168 90
187 5
69 86
80 111
162 171
2 73
111 220
216 112
207 22
130 114
187 163
126 144
233 62
218 147
187 215
125 122
51 94
136 167
204 224
16 196
163 134
31 102
79 170
68 35
38 118
51 22
78 159
4 218
139 217
98 159
219 99
137 162
77 116
222 127
134 206
146 9
37 123
156 92
175 88
209 99
240 154
54 154
236 68
239 171
240 108
228 96
49 44
117 11
167 146
149 131
43 206
171 184
170 188
166 81
59 54
178 176
44 37
30 98
169 70
100 222
29 142
250 52
155 113
39 132
214 211
38 134
117 170
4 227
35 66
15 20
3 207
144 32
239 129
76 194
117 82
72 229
21 243
191 155
126 194
245 229
102 86
133 1
31 146
61 5
44 241
89 141
64 68
30 23
104 117
169 197
171 189
29 67
155 76
199 139
138 74
65 63
107 59
107 203
147 163
218 92
222 167
67 128
227 14
116 233
73 191
165 225
91 1
168 229
142 101
77 20
116 211
62 236
54 232
13 233
216 54
30 150
208 179
181 76
102 59
129 11
48 139
9 138
183 142
41 232
216 212
139 87
108 65
127 162
109 152
183 212
202 102
13 222
248 36
37 154
179 124
211 95
221 8
147 79
69 162
147 229
79 26
135 208
214 88
201 35
164 80
155 64
212 202
99 118
192 172
157 246
76 176
30 16
119 61
241 148
218 168
95 93
10 178
157 114
12 250
9 122
100 53
147 165
83 129
160 87
101 2
227 144
245 179
88 141
9 237
238 217
110 86
236 133
142 133
2 109
9 73
76 112
8 158
2 230
142 134
70 133
78 115
230 146
197 221
64 54
30 101
220 44
86 33
4 42
236 147
155 36
38 237
125 61
95 78
15 157
25 244
45 165
130 190
162 102
80 160
241 25
46 83
223 91
25 179
93 64
168 87
167 91
227 101
71 193
219 86
238 52
40 71
113 183
21 191
82 159
100 221
80 85
181 174
13 190
95 145
211 23
170 55
113 207
13 180
103 248
108 21
96 66
51 175
214 76
239 212
88 29
89 170
124 180
164 23
177 122
22 180
126 117
222 31
174 72
47 222
71 87
3 9
38 203
42 170
166 245
197 121
37 64
120 160
3 202
95 5
64 149
240 32
236 64
166 66
158 153
159 4
240 136
176 139
62 74
52 136
113 32
118 142
55 237
35 56
207 88
53 174
14 35
204 72
247 59
58 133
205 39
98 208
233 120
71 15
48 185
103 208
238 233
158 169
167 5
225 146
56 245
141 131
80 32
73 233
124 209
195 72
188 224
200 54
191 27
69 200
25 211
94 4
20 176
217 113
18 119
56 185
96 9
50 100
22 225
217 243
102 136
92 158
118 188
202 176
160 134
25 197
168 111
175 79
92 79
117 211
151 177
35 100
188 166
47 145
249 117
243 98
247 148
122 216
213 1
132 111
132 186
230 117
94 139
87 70
90 97
69 166
184 220
124 192
233 41
164 91
133 69
4 60
135 190
210 145
225 24
54 214
29 41
7 192
140 46
216 139
217 27
61 51
132 19
246 30
14 165
157 71
83 244
53 242
238 237
206 126
187 80
180 189
201 29
234 49
140 174
174 197
231 160
8 24
103 9
99 61
198 237
58 184
177 36
184 52
66 85
82 156
120 132
197 56
3 68
240 118
189 172
153 246
120 226
93 51
207 87
111 127
248 80
160 18
104 130
170 118
106 181
208 177
62 151
109 128
159 250
191 179
30 127
224 149
133 28
89 157
30 227
88 68
204 116
249 74
52 49
128 39
31 181
33 124
203 47
223 244
201 20
3 36
221 102
212 50
179 224
212 189
239 242
202 225
22 184
145 129
242 215
46 227
50 95
122 158
79 114
167 45
154 88
52 180
210 98
235 213
211 34
62 49
242 191
28 230
34 226
162 1
15 51
3 198
209 146
245 168
234 196
14 245
96 124
160 104
28 239
30 74
242 52
167 12
101 188
157 221
249 152
24 144
173 58
84 113
58 62
182 113
203 118
167 137
108 101
146 105
196 161
222 193
121 192
218 25
6 202
139 112
237 30
105 112
96 207
75 65
212 213
78 164
219 1
232 204
47 190
99 165
48 137
107 123
33 72
63 180
131 188
43 51
58 20
135 1
134 84
21 122
63 203
198 47
201 249
206 17
135 40
3 113
171 20
53 56
105 91
151 190
206 9
75 113
156 74
226 211
10 168
201 163
46 223
103 72
184 67
152 151
223 102
216 123
79 196
75 125
147 147
125 28
222 119
76 25
216 3
233 136
78 48
69 26
114 77
82 50
91 106
195 220
22 132
246 161
102 170
204 147
67 162
26 143
70 219
166 78
228 207
40 150
51 246
207 214
206 10
38 61
205 207
110 102
56 112
5 196
208 188
21 145
183 240
18 109
211 181
3 218
89 192
243 76
6 130
5 153
64 113
27 240
245 73
175 73
46 67
74 16
100 152
92 236
139 164
235 227
104 94
120 92
228 8
192 221
107 170
234 60
59 2
177 69
82 168
172 125
69 154
166 250
12 9
42 176
122 177
166 197
106 127
243 52
170 99
199 191
112 54
194 5
19 193
29 202
68 158
52 229
100 18
197 96
81 119
201 12
130 85
42 66
80 240
72 99
32 236
180 25
80 45
241 144
35 128
154 40
27 231
250 46
54 194
178 119
144 67
176 50
203 83
85 155
22 165
82 24
58 88
140 212
188 203
76 66
159 206
76 218
69 250
165 42
229 247
152 236
97 39
133 212
219 64
205 195
180 183
164 2
59 162
76 184
118 248
233 157
99 115
85 174
151 128
199 175
180 238
150 27
162 46
195 7
99 46
26 149
136 92
70 247
108 55
43 115
28 93
137 144
190 66
36 131
146 37
231 89
190 28
93 90
232 39
54 153
192 228
152 106
107 68
221 220
119 31
50 143
103 50
135 230
199 64
67 129
32 84
13 161
50 239
233 124
200 250
242 111
207 220
70 28
74 193
101 27
167 244
54 155
234 72
190 145
222 8
22 144
14 184
126 203
163 3
134 44
41 95
244 70
159 156
74 235
42 50
86 27
212 214
51 154
154 232
83 64
205 240
73 240
97 137
189 47
220 159
145 195
241 156
24 204
228 250
241 78
65 104
46 192
38 222
1 208
220 248
250 202
164 235
174 48
177 169
213 72
28 193
143 58
57 179
25 189
97 54
219 73
238 28
166 177
71 19
59 134
91 76
67 244
212 187
152 98
9 249
71 214
193 117
230 68
32 23
229 188
76 239
236 93
59 140
214 39
9 106
151 62
113 250
146 11
33 175
162 149
228 98
75 244
166 162
46 142
33 26
192 171
193 83
213 234
141 64
34 227
124 167
178 96
50 49
145 233
245 145
72 32
202 206
56 132
79 5
112 72
12 176
49 243
207 105
82 104
16 99
110 145
98 130
1 7
149 28
139 95
191 111
121 64
67 133
42 224
71 88
132 171
97 243
131 50
44 157
101 231
247 78
105 58
248 38
87 108
153 116
108 231
131 162
153 196
174 96
36 70
61 191
241 42
6 78
71 5
57 44
186 216
187 12
244 123
234 231
233 223
159 240
241 95
246 121
186 44
25 222
217 86
101 155
27 238
42 99
133 169
40 210
250 53
122 46
5 190
63 209
243 91
213 87
128 198
239 135
133 12
224 29
103 158
207 57
33 132
157 144
35 1
170 137
132 107
105 96
87 54
219 241
111 169
54 246
186 17
86 71
118 131
172 118
68 153
159 222
180 118
196 235
160 187
228 208
79 47
249 149
128 23
198 243
89 67
178 168
130 52
240 13
48 150
49 85
44 193
33 112
205 219
214 167
1 189
184 14
158 26
54 202
15 150
239 72
23 215
9 231
72 243
135 143
77 7
160 135
5 149
45 247
225 29
53 184
103 183
218 45
241 59
118 159
166 135
74 196
245 245
180 181
40 79
231 228
31 33
200 128
248 143
158 223
24 95
210 115
30 9
15 139
2 226
153 188
171 8
68 152
68 128
62 131
132 149
189 218
120 3
68 31
144 72
112 75
161 213
191 73
41 234
61 59
198 143
152 81
47 57
172 197
142 230
13 234
126 187
15 94
235 73
102 72
17 13
235 114
7 228
38 129
16 174
118 157
135 231
211 241
46 201
145 27
2 23
104 116
22 172
54 83
221 121
44 139
188 193
21 114
248 35
56 199
196 37
91 29
29 215
44 70
166 50
221 75
177 105
188 56
240 201
195 45
119 109
38 159
190 20
25 203
201 95
191 168
213 200
13 172
202 214
95 220
204 58
63 168
114 174
93 170
144 249
121 245
110 126
54 103
129 219
236 9
199 34
236 209
123 28
194 96
153 53
40 196
66 117
147 142
168 65
18 159
140 228
167 84
213 97
58 241
230 108
247 76
167 200
138 116
194 248
31 116
153 243
108 114
57 72
27 14
238 18
241 64
32 248
111 150
230 30
237 39
220 211
18 47
210 21
92 211
108 98
69 239
142 244
141 165
1 175
188 119
224 170
88 121
22 8
249 73
234 204
17 79
177 215
169 248
243 212
39 12
47 235
59 128
53 178
242 129
145 8
2 180
106 125
49 35
214 68
209 40
146 151
161 59
230 222
114 208
99 172
48 182
129 80
98 32
135 216
236 170
160 191
199 149
208 118
218 134
112 195
108 237
147 249
183 174
187 84
5 170
243 211
247 1
142 214
237 147
96 44
67 46
69 160
225 44
104 83
206 193
66 102
22 183
80 22
118 69
243 24
86 76
194 7
134 194
75 92
117 200
203 230
45 48
74 189
151 76
175 200
211 148
197 85
42 108
137 33
62 249
220 229
125 158
172 165
219 129
152 64
22 44
232 244
140 181
214 214
248 14
174 100
149 138
149 75
223 28
68 3
65 23
42 127
176 218
55 147
85 223
197 72
142 159
248 43
135 25
112 36
92 101
116 29
20 245
111 92
21 189
6 152
94 161
155 128
44 58
191 156
79 100
241 196
104 27
1 186
74 125
121 173
140 126
117 215
188 167
96 131
84 244
36 127
74 52
222 156
227 12
65 73
232 225
208 145
246 111
136 171
29 207
179 218
238 134
31 115
213 237
100 34
8 104
54 57
133 110
12 36
158 237
95 69
61 128
145 106
178 213
249 193
46 140
149 220
157 18
109 85
86 74
151 243
18 225
196 96
131 22
173 171
224 70
125 98
246 68
212 229
4 215
206 93
120 74
145 52
165 11
106 155
160 160
135 154
185 227
165 210
211 100
66 40
176 134
55 56
115 150
225 181
102 168
122 171
96 167
14 33
172 234
26 137
25 188
7 125
87 167
148 191
191 242
213 22
196 116
95 2
237 4
3 227
248 232
97 57
8 90
116 38
108 57
128 10
234 47
166 249
45 17
175 173
73 119
75 240
110 53
211 172
136 28
157 169
2 246
45 179
73 63
35 102
31 17
136 249
231 85
151 198
36 79
101 1
14 240
72 102
48 16
232 6
229 79
163 41
27 200
47 206
74 45
70 25
135 7
129 141
225 82
242 131
120 5
65 99
227 30
112 44
192 207
234 13
233 146
156 19
57 50
240 241
238 246
115 227
226 59
86 135
47 62
35 35
11 66
115 181
173 94
120 100
169 18
187 249
228 170
211 109
3 54
157 82
231 66
24 192
147 98
40 107
120 88
84 81
176 142
210 200
105 134
8 82
107 111
33 86
53 123
147 217
69 240
198 115
77 190
204 193
227 106
183 230
114 32
172 202
7 196
119 82
143 55
162 227
71 160
226 103
222 87
5 152
152 26
181 148
245 149
212 224
11 220
41 211
82 136
111 196
131 143
244 23
195 225
45 84
172 31
147 151
1 234
18 146
227 112
160 193
220 48
59 145
42 191
243 156
161 191
126 116
225 229
226 42
71 50
16 93
191 244
37 124
21 240
124 155
92 48
11 26
106 111
53 142
33 134
62 101
31 64
223 45
46 135
196 150
41 37
220 1
71 127
213 73
110 203
247 66
177 128
124 76
136 35
121 41
44 63
38 247
44 94
34 239
111 209
101 206
8 23
183 184
215 95
118 246
6 210
64 157
19 90
202 78
34 214
110 250
136 222
198 93
202 208
90 114
29 93
152 36
164 169
72 174
232 67
48 159
30 120
9 128
221 184
111 173
38 20
244 93
146 227
231 88
144 218
138 162
113 171
190 64
144 178
198 50
174 143
219 24
238 29
74 129
64 219
81 73
42 49
185 144
57 115
228 231
81 100
209 210
131 234
95 56
5 107
113 186
207 89
173 186
160 225
209 203
220 85
230 7
36 91
166 67
221 107
8 109
204 176
149 179
65 184
111 145
103 95
178 185
3 31
242 192
46 163
41 125
167 92
157 230
226 31
101 233
236 123
100 50
8 18
134 38
142 149
152 101
136 148
134 198
26 53
24 237
28 66
63 199
33 32
181 186
197 171
81 122
227 141
181 237
205 212
22 12
61 42
207 182
19 31
250 220
43 235
202 215
35 136
184 183
180 24
71 248
121 126
238 176
74 199
30 217
77 10
100 128
115 185
45 96
92 22
149 3
37 108
186 174
221 215
164 247
194 91
228 132
110 223
77 32
213 145
136 73
31 241
103 2
142 234
170 12
166 137
217 121
174 166
238 64
247 190
51 30
244 196
126 25
28 185
93 56
147 81
118 147
147 113
63 141
80 228
4 18
61 210
102 248
161 12
77 125
46 76
86 163
84 199
209 153
145 187
165 105
174 136
71 176
9 213
16 179
12 81
67 189
119 80
63 32
188 160
168 157
56 119
90 193
212 103
63 201
145 109
240 15
56 10
28 29
108 52
210 144
217 24
183 165
206 27
42 156
185 52
70 114
158 6
178 69
56 139
21 220
208 239
173 67
196 7
212 30
37 231
159 42
226 225
244 56
133 20
97 233
5 60
30 6
162 244
201 137
175 69
217 141
33 192
178 224
175 43
25 75
29 124
125 235
6 207
108 120
157 94
142 40
146 77
31 225
34 1
97 164
174 70
38 93
131 172
109 114
212 177
50 241
101 118
82 58
156 143
197 23
69 145
193 195
9 176
32 76
239 142
52 183
134 234
84 248
63 46
171 48
64 178
110 91
226 14
191 74
218 24
57 175
177 58
18 104
131 88
250 78
49 54
168 114
222 53
174 55
237 73
225 92
67 175
53 59
16 45
131 174
15 124
192 177
226 240
78 174
242 171
220 217
142 97
134 165
30 90
94 136
195 175
121 145
140 63
22 189
229 109
177 87
65 59
84 63
61 181
137 22
246 152
197 44
193 145
20 198
181 206
163 116
229 97
244 81
216 21
97 63
44 99
126 162
114 170
144 65
228 55
210 48
38 37
161 197
90 165
127 125
40 46
85 186
54 169
15 64
4 131
99 31
210 247
176 67
195 150
42 157
162 243
194 32
172 172
74 102
1 128
241 151
199 46
241 32
147 161
71 10
239 17
227 167
113 100
64 73
25 192
226 47
233 44
86 35
79 132
239 99
180 27
71 118
196 198
107 220
103 39
249 84
67 227
96 142
118 82
117 195
70 7
77 38
237 83
166 247
48 79
250 134
16 129
111 25
223 229
164 141
171 231
173 122
29 185
119 25
91 78
18 94
174 225
148 106
1 248
118 76
183 18
57 212
41 20
238 41
185 107
95 19
50 125
48 146
191 184
20 175
59 193
116 173
157 92
226 192
180 175
243 147
183 136
17 147
111 8
160 180
84 213
156 187
184 150
70 113
105 46
1 179
52 139
115 57
4 93
33 23
70 142
198 22
17 171
209 132
226 129
197 132
238 19
121 4
150 85
2 212
46 28
166 232
214 247
131 213
115 73
70 21
26 56
33 81
170 1
4 14
29 11
130 142
32 106
86 231
72 1
138 211
229 190
201 62
109 40
247 57
19 57
84 187
36 139
34 220
77 80
194 105
181 51
137 142
140 221
67 210
190 124
125 84
245 243
198 211
151 26
208 34
109 17
76 12
240 101
38 113
84 5
100 116
157 41
175 215
93 239
58 120
158 204
238 8
4 229
167 199
26 164
73 199
60 167
207 18
161 38
23 93
161 43
244 95
98 89
47 129
89 10
148 148
217 73
59 241
157 223
53 132
133 56
230 31
241 152
206 209
149 127
211 123
5 159
62 39
23 180
15 35
155 143
241 179
215 177
60 199
126 54
79 76
243 189
13 21
250 110
198 120
98 146
114 80
81 187
175 18
212 95
13 144
191 88
19 91
8 189
78 72
149 96
228 178
248 58
61 106
149 59
229 174
169 224
243 50
137 126
57 154
116 11
1 58
174 203
189 35
250 132
170 200
157 23
39 63
18 135
112 51
137 210
24 86
38 109
36 133
39 58
93 229
53 231
68 181
26 65
126 122
114 249
200 136
147 6
24 201
194 192
51 66
155 223
136 48
45 33
113 236
23 190
127 115
70 2
130 178
111 168
8 153
192 197
102 212
89 152
147 242
181 137
43 45
205 250
230 150
127 70
60 22
249 212
35 4
107 29
80 137
22 32
3 156
222 215
101 69
91 45
212 28
246 1
111 96
122 208
149 237
34 102
50 4
120 183
67 66
153 184
95 241
141 159
164 206
46 196
67 117
31 21
204 70
61 204
128 79
193 136
213 177
245 34
200 96
115 111
155 19
23 177
97 87
107 237
105 54
81 99
16 71
225 143
82 75
68 234
196 48
30 183
109 197
90 39
87 102
81 87
43 231
70 197
229 22
45 27
148 35
241 99
140 7
203 131
180 192
39 19
221 189
95 207
237 14
123 3
179 245
50 163
127 126
46 205
215 78
119 135
250 128
64 176
223 84
131 66
246 85
83 112
160 239
156 93
246 45
32 24
113 13
108 178
169 247
142 166
224 12
3 16
56 81
103 218
179 18
232 240
215 58
122 214
150 66
203 98
144 146
144 232
66 6
127 237
165 28
3 150
63 33
54 236
221 34
172 13
182 209
107 21
3 81
84 79
202 24
54 94
210 124
82 200
6 239
164 125
102 2
73 106
245 143
175 242
165 246
133 152
48 249
6 58
76 146
41 47
127 190
167 25
202 205
92 15
154 64
72 72
30 88
181 30
127 140
232 53
105 190
214 194
124 238
84 217
36 6
239 214
106 166
238 230
16 95
3 41
93 134
219 97
211 212
213 191
55 5
84 82
132 108
72 185
201 153
31 19
128 132
140 191
48 225
52 125
99 157
3 33
159 119
199 219
124 233
61 10
137 113
192 82
86 72
40 184
131 3
200 99
17 78
231 32
106 228
1 88
74 192
206 133
78 10
215 219
145 156
56 149
110 129
3 121
102 138
53 159
108 200
106 64
196 130
110 206
144 160
180 202
173 133
218 93
91 184
131 60
28 115
14 27
198 108
147 29
156 21
158 11
201 48
206 225
48 48
51 224
234 98
61 32
176 239
180 31
84 16
121 70
29 103
30 236
163 65
161 26
108 202
164 152
181 124
111 4
179 73
35 196
176 36
64 132
205 23
96 15
92 112
230 19
31 73
21 166
19 38
27 150
31 90
161 245
103 182
217 245
85 115
106 128
142 189
234 86
102 173
35 44
186 141
69 110
73 25
59 125
17 50
131 198
5 93
18 34
158 215
145 121
210 106
240 197
246 189
51 60
212 166
132 28
237 26
249 68
79 46
116 83
176 23
207 191
91 172
68 114
185 235
127 127
183 176
201 146
107 96
43 52
22 70
84 126
140 154
212 91
171 56
248 96
134 28
250 190
56 225
19 218
45 12
26 179
37 174
240 155
121 199
71 29
55 201
69 159
188 10
160 174
196 216
97 177
186 191
174 14
35 215
9 53
242 93
86 216
175 167
67 247
249 62
249 194
158 112
117 127
21 79
62 167
127 51
185 66
173 117
110 54
1 145
189 69
240 218
232 114
26 125
46 235
199 164
203 99
38 100
109 105
78 2
2 31
90 109
159 182
138 98
211 74
32 86
29 218
40 185
207 143
55 59
230 105
200 183
186 129
84 68
47 208
248 203
175 149
136 201
242 71
21 111
71 68
83 82
140 231
151 142
189 165
175 131
173 242
172 66
58 195
15 48
185 133
176 246
150 155
202 136
4 104
191 18
163 96
70 214
200 206
191 54
39 156
234 51
85 189
166 222
207 224
199 41
176 11
216 165
109 88
193 181
207 115
99 15
46 100
236 40
76 32
58 115
115 109
99 75
81 16
34 98
154 210
35 140
86 178
137 48
152 176
249 170
241 119
155 85
59 153
123 245
19 47
109 42
238 223
88 90
16 249
12 43
36 216
210 118
117 140
23 98
111 62
176 132
198 11
139 247
82 37
249 2
206 204
116 140
219 246
107 46
52 73
34 31
35 232
184 147
111 211
163 143
87 43
105 7
101 126
132 62
134 230
171 153
163 23
15 179
86 179
144 241
100 90
216 76
52 218
143 166
57 54
199 244
42 240
52 33
63 53
97 213
84 3
192 97
201 133
118 87
132 245
113 229
87 120
63 219
154 193
190 162
206 205
56 70
57 41
137 221
238 68
16 212
103 24
134 211
212 26
136 152
8 87
235 68
142 81
109 28
85 183
116 229
7 88
222 92
177 170
55 35
98 34
66 207
61 207
96 193
99 32
178 54
78 128
61 110
207 149
150 74
101 87
240 81
162 58
115 243
133 126
97 79
87 123
47 11
81 56
99 144
106 95
234 211
148 101
88 56
41 104
167 69
57 86
57 182
221 113
144 35
184 96
34 96
83 187
153 162
157 124
217 20
37 95
186 78
165 150
108 250
191 81
79 236
188 71
162 228
147 2
243 230
150 25
132 110
28 139
114 66
120 170
94 177
8 99
55 178
144 41
107 150
17 38
129 174
235 154
98 214
161 140
142 5
154 225
8 112
176 227
93 174
141 29
15 54
195 16
36 66
188 227
95 229
101 201
30 112
63 154
197 249
192 81
136 146
150 111
178 15
247 175
67 197
240 206
136 236
60 101
138 125
203 197
211 194
172 54
205 51
97 83
217 74
235 108
111 23
165 222
170 58
204 172
18 197
239 8
106 106
74 89
55 232
75 80
112 58
115 76
41 60
24 181
79 211
52 188
136 219
188 58
235 202
2 210
249 120
61 53
82 105
103 128
30 92
244 7
212 33
77 248
152 4
115 234
62 171
185 2
151 145
100 42
189 102
95 45
67 28
162 131
33 234
238 85
218 173
30 137
141 192
59 121
63 177
28 79
91 195
185 100
173 148
46 7
42 11
206 52
35 28
113 28
60 154
237 121
80 55
52 85
227 131
191 121
240 122
64 181
64 10
19 45
167 193
53 229
222 34
184 4
207 162
178 31
191 250
12 119
102 228
189 82
133 162
241 200
2 162
17 163
203 160
32 117
226 132
4 181
115 11
180 164
98 87
72 248
176 96
83 231
6 156
166 157
14 137
132 212
163 62
176 231
205 8
60 104
77 92
236 30
218 132
186 71
119 229
197 207
56 192
19 236
215 135
171 154
171 133
215 110
172 47
230 89
194 41
43 26
70 54
122 200
175 184
60 93
170 51
176 93
28 178
148 250
147 111
186 94
60 231
64 75
237 216
101 88
200 213
201 70
237 155
241 212
181 67
205 18
104 42
15 47
108 18
187 87
198 136
30 134
240 135
227 138
196 74
233 173
121 47
122 32
37 161
18 1
105 77
238 165
212 212
228 204
244 85
195 190
94 91
166 193
33 64
224 108
35 135
95 17
56 174
35 29
139 220
242 34
68 138
212 130
102 5
196 64
124 81
100 76
109 215
116 228
130 131
113 51
213 64
186 87
87 149
190 154
32 177
160 83
107 185
227 121
160 28
216 227
17 177
32 123
171 55
138 163
59 101
218 127
47 161
234 198
138 112
120 191
35 67
73 223
166 85
173 52
60 166
148 134
44 97
150 249
36 39
231 110
32 48
14 195
177 55
115 88
144 111
183 189
91 51
6 199
49 14
164 137
125 87
46 147
249 145
95 228
235 25
230 47
7 235
118 197
217 221
58 125
186 205
106 140
72 105
40 25
86 165
131 98
140 84
38 123
180 166
25 88
147 53
164 37
124 236
173 84
127 203
235 83
230 113
246 137
43 142
177 46
226 61
170 138
181 173
135 112
97 18
195 116
92 76
118 40
18 12
222 128
39 71
14 26
179 32
150 223
75 219
138 146
247 93
229 234
13 39
31 126
220 19
190 159
46 66
31 195
243 122
107 7
164 100
179 55
197 36
213 147
211 244
151 10
152 221
13 200
1 139
214 17
211 9
232 49
18 55
92 98
56 209
194 93
45 160
134 172
147 5
231 49
211 59
129 9
160 202
186 60
210 223
221 6
154 7
189 249
226 163
34 210
4 146
25 145
193 193
126 180
66 68
129 69
118 8
144 150
92 234
213 201
137 230
105 204
52 130
250 107
211 142
117 59
236 153
198 75
242 7
241 210
75 180
81 103
158 146
11 46
21 98
200 67
142 49
228 76
90 124
96 168
222 185
160 15
47 243
221 62
147 160
93 81
112 220
6 188
42 209
38 234
175 191
68 55
67 13
61 126
29 84
54 220
22 246
125 113
134 235
166 48
190 31
81 108
125 33
181 78
5 163
218 166
13 28
145 145
233 85
109 158
149 164
107 175
103 142
129 44
246 136
3 182
142 55
11 35
11 41
219 120
231 118
30 50
74 75
121 234
200 176
123 42
66 41
64 58
241 106
119 84
123 168
30 20
237 86
32 70
125 143
192 159
175 195
171 101
236 205
65 136
182 80
222 200
135 241
116 221
199 212
30 115
11 23
60 243
232 108
206 140
218 55
121 143
152 2
60 215
246 125
191 119
119 37
61 46
230 223
140 235
218 80
7 163
64 92
228 43
102 64
192 11
204 84
192 24
213 247
120 46
138 114
37 106
197 16
177 178
202 15
66 175
24 220
183 52
110 125
43 149
233 104
191 192
18 105
111 188
77 96
208 28
22 89
125 217
194 182
65 88
96 157
163 140
45 49
38 195
159 31
69 92
36 108
136 179
221 240
219 183
22 120
245 87
198 132
203 46
247 186
214 59
84 108
109 241
10 1
245 177
215 85
6 169
97 176
231 209
229 131
94 73
13 231
67 93
152 164
124 226
187 151
106 88
16 180
150 2
8 9
176 145
119 190
203 125
143 165
21 206
150 215
6 16
247 145
200 39
134 245
60 88
49 42
207 75
200 212
100 84
93 83
31 163
79 93
39 246
40 225
114 185
116 217
241 137
194 201
144 120
50 111
77 66
74 51
130 50
27 61
213 178
163 236
151 221
150 199
188 135
220 49
178 184
72 95
188 35
136 185
77 25
217 116
218 111
43 166
65 87
127 96
103 184
99 55
17 30
11 96
235 203
181 123
185 103
104 108
197 218
102 202
152 193
60 83
66 224
239 32
139 135
157 215
228 67
103 240
185 98
66 145
97 226
56 20
248 128
95 117
44 239
111 35
241 35
149 20
87 97
246 64
24 225
25 117
163 162
134 12
52 80
208 6
101 14
104 195
32 20
103 115
234 76
106 152
245 62
95 202
43 243
167 16
240 156
119 99
205 22
221 64
131 113
17 62
81 227
38 43
247 213
211 237
150 206
65 6
85 7
207 232
36 157
188 109
23 38
30 250
129 207
134 224
208 123
83 171
232 81
63 37
236 162
66 239
147 87
18 101
70 227
1 75
13 136
2 28
64 104
174 154
166 103
128 237
81 151
38 206
80 119
72 195
53 138
8 206
62 216
80 29
81 1
100 67
23 30
28 179
157 151
124 165
173 250
106 42
13 216
63 109
187 77
136 117
192 135
186 77
106 198
179 208
234 87
114 85
124 24
87 130
170 52
76 238
91 109
236 192
29 46
163 100
70 173
29 159
85 235
162 181
172 71
239 150
224 228
39 130
27 151
60 162
45 105
57 105
180 169
113 141
196 55
114 49
86 241
169 114
55 88
248 72
126 218
94 56
242 68
177 152
54 35
184 155
91 171
127 102
160 195
95 226
87 71
143 94
81 148
235 23
155 77
8 241
117 178
162 211
235 7
234 80
37 81
46 51
208 26
83 178
2 65
57 35
221 26
248 158
139 225
11 45
176 128
228 102
111 99
80 123
220 114
247 60
162 134
20 13
127 18
245 86
188 54
105 147
123 20
131 233
152 185
135 195
228 146
170 218
141 129
153 72
96 154
52 127
113 33
233 155
113 203
141 164
67 26
142 141
78 108
115 210
78 139
33 145
166 71
118 181
216 12
228 15
133 203
25 223
54 13
193 63
104 178
123 220
133 215
71 27
155 21
188 51
250 45
6 5
49 91
89 202
27 101
34 113
135 242
166 29
83 41
190 224
195 9
133 146
174 102
105 57
52 169
119 63
200 102
153 120
163 89
113 126
95 109
147 67
137 170
65 229
60 9
135 8
105 231
99 129
247 99
157 98
246 180
162 113
19 75
178 141
194 130
173 41
123 198
51 152
40 98
49 127
218 118
222 204
90 138
197 84
223 205
225 74
57 236
134 182
177 85
64 172
153 6
219 170
155 24
182 119
234 63
82 9
249 21
5 183
134 50
98 223
216 98
20 138
133 59
242 112
49 250
59 69
69 186
95 57
43 79
193 203
51 67
89 220
88 139
223 78
119 118
211 169
70 151
207 237
78 40
17 204
19 215
161 134
13 110
225 167
107 146
83 227
40 115
123 24
195 166
204 220
159 95
7 141
130 129
71 206
183 83
125 19
224 175
68 144
174 120
121 220
7 16
51 174
14 176
162 9
142 182
169 219
163 147
69 10
151 129
37 130
124 95
196 29
75 246
64 250
7 154
20 124
42 30
94 192
224 155
219 3
87 159
4 75
53 41
58 220
143 150
42 242
136 101
40 78
187 208
32 105
44 195
92 16
35 167
239 153
192 144
247 114
216 79
143 125
75 202
198 98
95 165
225 10
156 8
57 146
190 134
100 209
41 87
170 129
151 209
98 156
56 45
208 250
152 248
9 165
106 29
177 47
229 46
57 199
2 54
4 138
66 153
223 73
15 215
49 1
167 165
242 65
63 44
134 188
96 64
242 162
86 151
41 63
137 86
177 66
79 125
139 6
52 213
157 101
104 162
102 119
88 250
113 169
69 84
89 26
245 211
174 152
211 86
47 96
185 249
72 225
87 250
31 39
44 47
30 159
199 200
198 238
44 28
114 84
199 81
87 11
101 162
24 235
14 147
105 23
99 124
230 73
142 169
175 150
49 146
98 142
18 237
88 136
64 193
71 93
9 183
171 175
132 94
138 250
176 94
155 109
72 55
72 171
239 122
37 25
166 51
6 214
56 123
87 243
207 64
226 166
98 85
120 98
91 105
74 56
140 91
64 11
66 107
52 57
238 247
29 23
148 155
7 148
118 53
125 114
175 24
91 134
57 213
150 241
102 155
6 32
27 162
208 122
59 210
13 98
115 223
165 17
89 110
148 142
185 67
211 50
148 69
164 101
38 94
3 122
249 244
99 76
230 124
111 134
156 160
92 38
245 102
23 27
144 108
62 89
176 194
12 58
37 78
105 175
79 91
138 105
35 68
238 228
143 27
144 89
14 213
29 199
87 208
52 31
241 236
117 241
219 40
39 70
247 45
121 115
160 106
193 8
149 85
166 211
233 165
99 250
75 229
117 218
241 135
192 217
157 231
131 86
195 1
11 98
22 173
25 99
246 233
80 163
40 139
111 2
46 185
242 199
204 135
7 193
220 16
238 61
33 210
198 59
47 79
119 164
169 160
110 218
41 41
204 33
136 85
145 176
220 228
242 149
223 53
14 170
67 109
18 194
175 143
184 71
179 196
234 57
127 145
147 220
133 156
8 119
15 66
172 142
30 13
249 44
55 27
111 56
247 97
157 173
68 196
163 24
247 250
206 45
32 75
129 137
202 40
79 68
163 181
232 44
43 44
167 240
131 249
229 164
233 55
113 43
141 213
22 24
151 210
76 38
43 240
152 9
33 83
117 230
103 125
186 159
113 5
224 145
147 230
105 226
136 134
70 136
90 139
73 20
171 143
238 138
96 203
173 102
171 156
76 47
96 176
31 129
189 4
247 133
101 100
9 12
76 88
81 12
180 163
150 65
246 18
133 237
190 89
208 65
100 51
119 58
184 166
226 198
242 95
144 31
116 179
201 202
87 183
42 4
214 3
132 235
182 136
113 37
144 162
18 106
142 222
200 156
201 55
9 219
78 96
217 72
232 130
226 219
173 13
154 209
240 158
186 70
142 190
12 204
125 135
15 187
60 20
83 188
25 148
135 175
114 107
200 24
96 127
148 81
80 65
71 3
1 37
145 123
209 189
57 67
250 244
16 55
17 72
159 153
202 113
219 107
116 43
142 154
183 127
144 54
26 142
133 92
111 229
37 178
229 54
10 164
11 218
88 74
136 162
44 190
28 219
242 220
79 156
124 131
215 117
35 200
57 183
44 73
188 118
78 160
78 97
84 57
84 193
186 65
96 238
241 53
230 17
69 197
199 156
204 110
126 213
40 16
173 19
51 166
162 151
134 95
14 123
30 165
211 128
166 141
46 9
30 55
10 71
1 155
131 237
47 248
51 120
136 80
227 50
62 38
151 186
99 54
166 106
98 160
37 125
27 76
201 33
67 38
193 219
152 121
63 228
182 135
145 104
165 228
125 196
138 143
97 162
214 92
127 3
197 4
223 150
55 210
176 224
91 198
216 204
113 185
11 76
173 61
86 13
72 140
241 77
118 169
209 41
138 71
68 100
85 216
150 250
168 127
119 45
225 37
24 38
32 28
9 86
230 56
7 43
235 77
157 85
7 28
4 192
162 236
105 161
197 152
222 61
166 93
100 98
215 17
135 206
184 154
64 203
57 118
90 181
106 218
212 123
116 210
50 19
170 79
49 111
18 232
233 162
18 247
226 64
136 97
97 74
35 111
154 109
206 192
140 158
48 207
147 237
76 136
175 48
139 123
114 186
18 182
52 115
60 107
93 117
237 80
212 79
46 92
163 29
190 48
22 129
204 60
241 129
42 118
184 223
152 230
187 207
181 220
59 129
175 142
194 71
8 159
84 100
64 130
142 173
94 84
61 4
77 163
125 148
182 54
95 65
59 26
141 39
193 199
190 58
192 161
133 11
151 72
54 223
104 113
168 225
