208324015
413
203464030 204883996
157052137 188807859
137769343 162020618
180605977 181454897
165428134 192157152
105962641 136443785
124582636 196403227
26202293 109314472
1745071 55754082
47531039 47765577
204345575 207386652
202246147 208240964
192118188 205916198
164159649 180930271
86258914 192646506
78270590 99913984
136142184 202985095
118724977 201627240
58479544 162599895
191015678 206059703
107561397 189310040
204835512 206863871
162555210 192010398
146133660 204130945
44607118 141700960
62302587 195525234
162094532 174514202
126503672 156052742
176190284 180890899
165924704 201334191
97348314 160969754
174083520 177153231
150765310 163822954
46188865 194540676
175758064 188325594
161834765 176212474
1049313 130780379
116581414 136992974
206795728 208011846
39073076 99369721
28060496 97731866
24491878 163026589
39362738 149333133
141919840 152751625
21123746 36682288
192078293 198772144
168452337 173187281
110586916 137199922
105407588 122210870
89049534 155157202
11186973 72169573
163326818 181879298
92132292 133022330
112057169 121373156
101951232 204125944
143919977 184909918
39661306 59597100
196004313 198298242
81983720 105519011
92531373 95306842
150559903 162387451
157047867 179177802
191416437 196271076
48372352 199320354
4621019 49339511
100702011 175968594
14041217 135124142
125787721 198444816
44394514 91941602
61746882 130751948
99551612 159369518
30472048 176816009
105119457 185642785
125886550 188687844
5215780 89671498
99055323 122661232
197159839 197937840
199860209 204985651
48320882 148036724
112225707 157766859
207759443 207982734
54978643 69895132
103020519 182133307
47869674 56843281
188708020 203548609
60733989 60970660
24713534 160871370
66017344 81064579
188298667 205926605
108594618 200611930
35362068 60610064
142241047 185345730
44224469 85577955
59169383 64601592
28128779 106951704
182803159 192334858
179034448 185088853
46149099 108677465
82897405 130914738
204905210 208058865
64964606 76914556
12053220 156701522
109436510 156767691
165390201 200427308
191216462 198772309
142373833 142484611
76474525 135662072
62870201 191785294
34018553 93530445
114876812 135170734
201714034 207040584
104955194 135315656
154107490 191205873
80596353 92401090
61165237 130746601
107287119 117770564
88667945 162613397
43338639 62356538
159306831 182346591
207619263 207919066
162368190 162521180
137582819 153311803
127001908 180867160
186728792 189153776
134474639 204136435
138187188 140395701
5213318 121006314
104374638 107123272
98469817 139656725
76816686 160544337
31390179 74184106
167060570 202728577
92665479 176355400
90175604 204241247
178469617 184149075
35927486 130040530
88403008 162733865
125017522 183232339
71465782 124808756
74663083 96731954
147517071 188780185
124904531 187775135
114942205 146460526
162624613 185665234
124090502 152819732
73743699 117855917
81535216 103867098
31330988 50713674
160444482 197741461
104424791 157112959
161304798 202651692
82704179 199581357
102447896 193645991
47587193 117638340
97108545 152729389
189171713 199135014
125710028 140903493
87108177 93002335
155831004 181081630
17138534 170094039
72768410 94551612
22424302 90425071
185636136 186259472
40532160 105111269
1160011 38145871
54222185 108233899
92427117 155375443
119560917 161485114
67459627 182087626
176962419 187272878
68921383 86773559
19489565 74948689
163933502 168881634
53152773 203964055
159692870 166460858
202840188 203540832
141104244 203446472
202666737 207426910
203801533 207479847
186806161 205675047
199579001 202485015
132303104 170043992
155010143 205814972
90627601 114838136
201196811 201755695
71955049 94272855
154616318 190808268
164827915 175365158
191059286 193288442
67668281 204057357
148575764 161488571
177227596 203402483
47204485 87572816
181420512 201221366
90536817 186746792
114003354 152919290
132840113 183108471
131030147 157037140
105814228 172009055
112552454 141786664
34599824 168790793
36786298 142648913
199654161 206619802
42810264 169138535
178274989 205929850
191559976 206290677
134762464 162839394
195289148 200984535
72301467 106974146
62720481 196887283
103068238 164810895
159302465 181833742
53693880 149679998
67365243 159361015
108482563 200752319
57853997 70833783
78382920 147056953
79466671 112514181
143892541 172775293
181036509 205448792
139084035 151837375
85360417 199279611
120770556 127010678
59559516 141229856
19133303 129054363
71038823 93055327
176370828 206311750
103266489 116530508
48882639 153095099
182869648 198592957
108569140 194003146
179893088 180025933
156442122 182119731
120119981 167708160
21585907 172008656
133842785 157303976
129305665 179516690
50849523 165951145
99352441 152306981
161739725 206187945
45239943 108024876
134637008 142443893
131492431 204332807
3138758 36255274
39140526 79249255
110407889 188252338
41862759 87878249
71252854 161314069
30827256 90403399
199307361 206654344
169709544 182760153
148893593 169310943
38750918 39497913
197758509 200936643
53495329 145213120
24429051 129115125
37991130 95664507
93889809 128449418
92201718 204290066
192842933 207620804
195841509 206567640
124091850 135761362
42711049 172490801
122006787 189381361
26714004 68526608
61379235 108622147
186339495 203355442
125561720 203369744
7870665 15301980
27121860 33532810
164745258 170099980
176041155 190628505
31234431 142660223
117933339 134474077
68340170 152310419
33038920 126981254
107703324 110123887
97660699 207537779
27372434 161846456
61450647 98609448
199107840 207161619
196095395 198410479
180596650 183580689
31576271 156222801
11107579 108736391
97869451 177901626
188235048 199793225
67563931 180176897
205295235 208202345
79693000 89209404
164146084 196337221
202687029 205935436
30731570 75266632
129452933 136812172
110664168 138567553
208046549 208072306
124520016 164526888
172032876 187952230
147674707 183972561
111346682 196676256
65220146 87474339
151910408 182876830
77656346 105535215
155799661 205831153
53680695 138593719
180855530 186093057
161606548 184692329
199159801 202705958
54923645 66347649
125758347 172459980
189314298 195163738
11154856 101675159
150911653 194958920
94854068 206114923
177164181 201215385
52666664 106502318
20958653 172977533
155753188 159937135
193583640 194557565
28448875 98374089
49671845 70493425
118572944 175958928
145429483 164574558
4834122 192052476
104268749 109036298
9142052 193653012
150285685 177627534
134274333 182516807
147749648 207440085
190658678 201550714
36404378 108378295
28334272 140911703
188037234 193535420
92181561 124512229
53530170 197224369
70702474 170979350
188055501 207435436
127082609 160966757
86395615 187974531
87091228 180217364
145071896 191315033
135092498 141137927
79100017 105398168
163477979 168424640
130978724 199790735
181011692 182078329
3779452 125556088
71179867 192096188
85189778 129349031
168578625 188359364
206864063 207390299
6973621 154534618
193448268 205190440
144411181 170699496
49682489 52791613
148372609 158240587
185953916 201886023
42077394 97268841
51513792 160994051
65681132 125088773
54697409 170427463
116239433 192747629
35422345 143335197
74066110 197324410
106762048 199577808
191954761 199821425
151568182 190649335
150841838 168237758
145268591 202771333
20698624 95804083
194864470 195791051
167800089 207645598
69527440 150958171
118135819 150873907
133518322 201886883
188641472 194380317
19482056 88464196
167105542 186291438
181862823 184316765
206535995 206855824
64443580 178416764
193919682 199115403
832250 1740304
155108910 180643476
61088722 78857272
143170253 146613103
150940697 176844373
192851812 204280567
97368945 204741126
142610122 159338783
173015713 193329646
11014926 128958886
64062826 68412038
208162953 208212407
171379435 202951367
81516789 176485090
20563739 182856956
14034395 142725617
66404812 89839244
53418961 122656509
104958739 180203800
186192642 206739516
57955158 193816843
131038219 176325039
196722691 202338218
119441981 161776647
8142886 42659619
17271810 81821095
165323687 189751501
26077907 137314121
34971570 39940063
5264120 77080549
79767705 81973362
